Wavelength Flux
2.914097412109374896e-01 4.658499944847939445e-15
2.916841796999999903e-01 2.729399983409925949e-15
2.919585937999999992e-01 9.777800212562321597e-15
2.922330321999999647e-01 1.021799984711859247e-14
2.925074706999999941e-01 5.576399903634270822e-15
2.927819092000000234e-01 -3.023199925670421243e-15
2.930563476999999972e-01 -3.874700124688540762e-15
2.933307860999999628e-01 -2.348100055390403736e-15
2.936052245999999921e-01 -4.651099841504252250e-15
2.938796631000000215e-01 4.255499879752709311e-15
2.941541015999999953e-01 6.583699954838557328e-15
2.944285644999999896e-01 -2.062999988531157361e-15
2.947030272999999756e-01 2.435799940924982671e-15
2.949774658000000049e-01 2.024100000428503618e-15
2.952519286999999992e-01 -4.422800004142866340e-16
2.955263915999999935e-01 -4.537800079204806596e-16
2.958008544999999878e-01 -1.029700049252663292e-15
2.960753173999999821e-01 2.630000031774923364e-15
2.963497803000000319e-01 -3.185199900211812098e-16
2.966242675999999912e-01 -2.401199968518624587e-16
2.968987304999999854e-01 3.223599874177789787e-16
2.971731933999999797e-01 8.959100305635440790e-16
2.974476806999999945e-01 4.905699840119647371e-16
2.977221680000000092e-01 1.359899961871991261e-15
2.979966553000000240e-01 2.840599951033128193e-15
2.982711182000000183e-01 -8.978999888893302484e-17
2.985456055000000331e-01 -8.766100142834404221e-16
2.988200928000000478e-01 1.978999942910185210e-15
2.990946045000000275e-01 1.251600023301950929e-15
2.993690917999999868e-01 -1.041800020783309379e-15
2.996435791000000015e-01 1.807499911530186139e-15
2.999180907999999812e-01 2.341600083371851845e-16
3.001925780999999960e-01 5.525200150104537383e-16
3.004670897999999757e-01 1.301599954661898650e-15
3.007416016000000192e-01 5.906700083778730018e-16
3.010161132999999989e-01 1.596200025420194037e-15
3.012906249999999786e-01 1.067800014736635349e-15
3.015651367000000138e-01 -6.890799968732170243e-18
3.018396483999999935e-01 -1.077799979832801212e-15
3.021141602000000370e-01 7.090099872903961667e-16
3.023886719000000167e-01 1.452599988773330738e-15
3.026632079999999614e-01 6.282999764552373283e-16
3.029377196999999966e-01 1.012099975158139813e-15
3.032122559000000050e-01 -5.739199847854784160e-16
3.034867920000000052e-01 -1.365199952902079825e-15
3.037613281000000054e-01 1.494000021089585150e-16
3.040358397999999851e-01 9.471799819487812175e-16
3.043103759999999935e-01 1.005200005065136880e-16
3.045849365000000142e-01 1.278599939649510599e-16
3.048594727000000226e-01 1.347199973377333909e-15
3.051340087999999673e-01 1.108499947852204480e-15
3.054085449000000230e-01 1.412499966742654465e-15
3.056831054999999964e-01 1.205700049044069241e-15
3.059576415999999965e-01 2.776900108784289417e-16
3.062322021000000172e-01 -6.965100044504092362e-16
3.065067626999999906e-01 5.238799781792137251e-16
3.067813232000000112e-01 1.253699950327092348e-16
3.070558594000000197e-01 -1.819799994594621054e-17
3.073304199000000403e-01 -1.477900042344649036e-16
3.076049805000000137e-01 1.407699936909682752e-16
3.078795653999999993e-01 3.208300076870212970e-16
3.081541259999999727e-01 -2.858900044918998148e-16
3.084286864999999933e-01 7.669099831911479342e-16
3.087032714999999872e-01 -1.162799947848007064e-16
3.089778320000000078e-01 6.334499897141026778e-16
3.092524170000000017e-01 5.189699928817765630e-16
3.095270019999999955e-01 1.382000004377921618e-15
3.098015625000000162e-01 4.011999877334167372e-16
3.100761474999999545e-01 1.742399976759095208e-16
3.103507323999999956e-01 -1.172599986698841311e-16
3.106253173999999895e-01 9.624800439541540513e-16
3.108999022999999751e-01 6.841900161117138446e-16
3.111745116999999894e-01 3.527499943180463764e-16
3.114490967000000388e-01 -3.693099913626803803e-16
3.117236816000000243e-01 5.231399890206686869e-16
3.119982910000000387e-01 7.978900014787371556e-16
3.122728759999999770e-01 5.191299762296892190e-16
3.125474853999999914e-01 2.270800040382213100e-16
3.128220946999999974e-01 9.626400273020667073e-16
3.130967041000000117e-01 5.971200054525368887e-16
3.133713134999999705e-01 8.116299876139451783e-16
3.136459228999999849e-01 -3.844300059272024719e-16
3.139205321999999909e-01 -1.000399975232165166e-16
3.141951416000000052e-01 1.573299960295581994e-15
3.144697510000000196e-01 1.902099965681115020e-16
3.147443603999999784e-01 2.826199874769102854e-17
3.150189941000000049e-01 3.770899889832111289e-16
3.152936035000000192e-01 -3.396399889373587395e-16
3.155682372999999985e-01 1.177799948431815062e-15
3.158428467000000128e-01 1.609899936309085091e-16
3.161174804999999921e-01 1.615699994415408913e-15
3.163921143000000269e-01 6.387499807441912418e-16
3.166667479999999979e-01 9.095799776619260119e-16
3.169413817999999772e-01 1.611400031658672457e-15
3.172160156000000120e-01 1.570200031466868068e-15
3.174906493999999912e-01 1.732199953068699720e-15
3.177652832000000260e-01 1.311600025637182920e-15
3.180399413999999703e-01 -7.948700113844203545e-16
3.183145752000000051e-01 -4.525999851458370124e-16
3.185892089999999843e-01 8.848900260406472248e-16
3.188638671999999841e-01 1.490499948602632373e-15
3.191385253999999838e-01 1.773099997718057680e-15
3.194131592000000186e-01 1.227100018819093918e-15
3.196878174000000183e-01 1.420899992480575361e-15
3.199624756000000181e-01 8.974300311873919210e-16
3.202371338000000178e-01 1.399700028360221105e-15
3.205117920000000176e-01 1.342599949199032618e-15
3.207864502000000173e-01 2.007500060486450653e-15
3.210611084000000170e-01 1.708699976859194818e-15
3.213357665999999613e-01 1.396300038109942344e-15
3.216104491999999815e-01 1.263699994832597016e-15
3.218851074000000367e-01 1.452599988773330738e-15
3.221597900000000014e-01 1.485900030303449488e-15
3.224344482000000012e-01 1.143099973198121767e-15
3.227091308999999741e-01 1.699999995578827493e-15
3.229837891000000294e-01 1.897099903723693283e-15
3.232584716999999941e-01 1.633699973940154829e-15
3.235331542999999588e-01 1.425399960891982239e-15
3.238078368999999790e-01 1.197199967539253930e-15
3.240825194999999992e-01 2.110100102596179986e-15
3.243572021000000194e-01 1.884600026762824759e-15
3.246318847999999924e-01 1.197999990157935617e-15
3.249065674000000126e-01 2.004799931208840758e-15
3.251812743999999977e-01 1.412200011200208036e-15
3.254559569999999624e-01 9.181199755943806814e-16
3.257306395999999826e-01 1.345899989561535372e-15
3.260053467000000316e-01 5.614500186755598098e-16
3.262800292999999963e-01 2.551099971529369355e-15
3.265547363000000369e-01 1.317300027976612328e-15
3.268294433999999749e-01 2.396999902710104935e-15
3.271041503999999600e-01 2.277600020882770623e-15
3.273788329999999802e-01 1.498899974340553269e-15
3.276535400000000209e-01 2.154100076074251871e-15
3.279282471000000143e-01 2.067600012709458653e-15
3.282029540999999995e-01 1.784999963594033345e-15
3.284776855000000051e-01 2.527700051086758867e-15
3.287523925999999985e-01 2.077200072375402079e-15
3.290270996000000392e-01 1.891400007263382282e-15
3.293018066000000243e-01 3.134799904602964329e-15
3.295765381000000382e-01 3.145299936775365450e-15
3.298512451000000234e-01 2.324000062216887569e-15
3.301259766000000373e-01 2.220199986179135707e-15
3.304006836000000225e-01 2.557300040945034020e-15
3.306754150000000281e-01 2.423099952430325318e-15
3.309501464999999865e-01 3.699299930102909265e-15
3.312248778999999921e-01 3.394999955670012851e-15
3.314996094000000060e-01 3.357399951383157645e-15
3.317743407999999561e-01 4.030499976874707749e-15
3.320490722999999700e-01 4.451599865503341399e-15
3.323238037000000311e-01 3.433499932463325750e-15
3.325985351999999895e-01 3.728400170522304380e-15
3.328732665999999951e-01 4.185199956778865027e-15
3.331479980000000007e-01 4.529199941933096871e-15
3.334227538999999796e-01 3.934600177135996746e-15
3.336974853999999935e-01 3.648300076348727841e-15
3.339722412000000196e-01 4.183599911541501654e-15
3.342469727000000335e-01 4.412699877400687656e-15
3.345217285000000040e-01 4.786899975256324324e-15
3.347964599999999624e-01 4.663499980335581580e-15
3.350712157999999885e-01 4.370900072003108816e-15
3.353459717000000229e-01 4.690899802113363687e-15
3.356207274999999934e-01 5.014199996102594939e-15
3.358954834000000278e-01 4.438600027345356025e-15
3.361702393000000066e-01 4.942499927666939297e-15
3.364449951000000327e-01 4.856700148791288571e-15
3.367197510000000116e-01 3.435800050431594803e-15
3.369945067999999821e-01 4.116600028930160124e-15
3.372692627000000165e-01 4.637499880503137203e-15
3.375440185999999954e-01 5.489100029409032730e-15
3.378187987999999864e-01 4.593800180204866968e-15
3.380935547000000208e-01 4.365000064009008987e-15
3.383683349999999646e-01 6.388699841369934948e-15
3.386430907999999906e-01 5.965199884885256237e-15
3.389178710999999899e-01 5.454500004063115443e-15
3.391926269999999688e-01 4.645500106689954070e-15
3.394674071999999598e-01 5.884400141497247647e-15
3.397421875000000147e-01 5.295099838334644052e-15
3.400169678000000140e-01 6.296200031881502707e-15
3.402917480000000050e-01 5.919300016506492956e-15
3.405665283000000043e-01 5.873799947678833705e-15
3.408413086000000036e-01 5.305099909309928322e-15
3.411160889000000029e-01 4.622399824152434791e-15
3.413908690999999940e-01 4.490100054054891113e-15
3.416656493999999933e-01 5.260100013437622735e-15
3.419404296999999926e-01 7.607900007406461634e-15
3.422152344000000124e-01 6.750399850506466279e-15
3.424900146000000034e-01 6.610999826728563428e-15
3.427647949000000027e-01 7.794599621508465498e-15
3.430395996000000225e-01 8.371300309580661375e-15
3.433143799000000218e-01 6.871700050750965613e-15
3.435891845999999861e-01 6.099599873175516954e-15
3.438639647999999771e-01 5.515900151860158793e-15
3.441387694999999969e-01 4.092600197402656778e-15
3.444135742000000167e-01 4.702499918326011330e-15
3.446883788999999809e-01 6.620899947816071690e-15
3.449631836000000007e-01 7.187199918328932013e-15
3.452379639000000000e-01 7.516200220536711080e-15
3.455127685999999643e-01 8.020899719960502411e-15
3.457875731999999758e-01 7.645899599486184056e-15
3.460623778999999955e-01 7.423899887307357226e-15
3.463372069999999803e-01 6.981300184895041297e-15
3.466120117000000000e-01 6.690099998507906265e-15
3.468868164000000198e-01 7.287199781048827457e-15
3.471616210999999841e-01 7.696099854138157420e-15
3.474364258000000039e-01 5.966600030347067596e-15
3.477112548999999886e-01 6.616200185508231205e-15
3.479860596000000084e-01 9.258500406226707891e-15
3.482608886999999931e-01 1.012100017509787175e-14
3.485356934000000129e-01 8.858600058201954869e-15
3.488105224999999976e-01 8.910400358091291606e-15
3.490853271000000091e-01 7.811700369680582567e-15
3.493601561999999938e-01 7.327999664052172596e-15
3.496349853999999868e-01 7.811199773208755276e-15
3.499098144999999715e-01 8.929300204243376810e-15
3.501846190999999830e-01 9.523799595636227300e-15
3.504594482000000233e-01 1.104499961813738135e-14
3.507342773000000080e-01 1.098600038522933031e-14
3.510091063999999927e-01 9.099600413453590164e-15
3.512839355000000330e-01 8.063299648201210923e-15
3.515587646000000177e-01 7.631400089495084943e-15
3.518335938000000107e-01 9.543599837811243825e-15
3.521084473000000159e-01 9.225200152938352327e-15
3.523832764000000006e-01 6.629900096397122258e-15
3.526581054999999854e-01 7.551900118164638076e-15
3.529329346000000256e-01 9.458100332115394748e-15
3.532077881000000308e-01 9.121299703496350830e-15
3.534826172000000155e-01 1.120100021713204760e-14
3.537574463000000002e-01 1.318000037180046963e-14
3.540322998000000054e-01 1.353500035032421944e-14
3.543071288999999902e-01 1.424699930512723922e-14
3.545819823999999953e-01 1.419999998798293986e-14
3.548568359000000005e-01 1.252100026850715142e-14
3.551316650000000408e-01 1.282999958173141469e-14
3.554065185999999987e-01 1.160700004940997884e-14
3.556813721000000039e-01 1.224299982005355378e-14
3.559562256000000091e-01 1.209500029427865164e-14
3.562310546999999938e-01 1.215100018352047520e-14
3.565059081999999990e-01 1.003300022814172798e-14
3.567807617000000042e-01 9.563599979761812364e-15
3.570556152000000094e-01 7.660899705949110461e-15
3.573304688000000229e-01 9.148199775835252900e-15
3.576053222999999726e-01 8.696499974954110396e-15
3.578801758000000333e-01 5.431799944593173821e-15
3.581550292999999829e-01 5.929799836920657263e-15
3.584299071999999531e-01 7.307900419246775303e-15
3.587047607000000138e-01 7.771300286228341458e-15
3.589796143000000272e-01 8.319799859354652660e-15
3.592544678000000324e-01 8.557700074019337216e-15
3.595293457000000026e-01 8.304399953340622226e-15
3.598041992000000078e-01 1.056499959945552541e-14
3.600790527000000130e-01 1.078099977726895004e-14
3.603539306999999914e-01 9.837999691156631976e-15
3.606287841999999966e-01 8.006200310193851283e-15
3.609036621000000222e-01 7.688700174310943852e-15
3.611785155999999719e-01 9.991699748666555553e-15
3.614533936000000058e-01 1.072199969732795174e-14
3.617282714999999760e-01 1.138900002680808682e-14
3.620031249999999812e-01 8.836400171687366911e-15
3.622780029000000068e-01 9.956399650589732586e-15
3.625528808999999852e-01 1.158199987197176817e-14
3.628277588000000109e-01 1.230300024590525940e-14
3.631026123000000161e-01 9.857100284117216449e-15
3.633774901999999862e-01 9.946900176086275608e-15
3.636523682000000202e-01 1.104499961813738135e-14
3.639272460999999903e-01 1.115999958732020320e-14
3.642021240000000160e-01 1.134500005333001493e-14
3.644770019999999944e-01 1.019400001559108912e-14
3.647518799000000200e-01 9.378900210448275904e-15
3.650267577999999902e-01 1.095400032751501010e-14
3.653016357000000158e-01 1.229899970929537734e-14
3.655765381000000147e-01 1.163400007163665692e-14
3.658514160000000404e-01 1.159899982322316198e-14
3.661262939000000105e-01 1.255199998031076430e-14
3.664011718999999889e-01 1.411200004102679609e-14
3.666760498000000146e-01 1.297900030044997141e-14
3.669509521000000052e-01 1.274800001617362039e-14
3.672258300999999836e-01 1.178499978811073379e-14
3.675007080000000093e-01 1.096999993285569658e-14
3.677756104000000081e-01 1.119999987122134028e-14
3.680504883000000338e-01 1.033200031742365424e-14
3.683253905999999689e-01 1.194699992147080225e-14
3.686002686000000028e-01 1.178999982359837592e-14
3.688751708999999934e-01 1.102500032321976006e-14
3.691500488000000191e-01 1.318900009686504657e-14
3.694249511999999624e-01 1.375099968110469681e-14
3.696998535000000086e-01 1.354400007538879638e-14
3.699747314000000342e-01 1.404499973489898093e-14
3.702496337999999776e-01 1.253699987384783790e-14
3.705245360999999682e-01 1.082799994144619665e-14
3.707994141000000021e-01 9.859499928456787882e-15
3.710743163999999927e-01 1.137700011104433515e-14
3.713492187999999916e-01 1.283799980791823156e-14
3.716241210999999822e-01 1.368499972088758898e-14
3.718990233999999728e-01 8.968699941784910590e-15
3.721739258000000272e-01 6.706999999871524065e-15
3.724488281000000178e-01 1.032999962560223958e-14
3.727237060999999962e-01 1.079099984824423430e-14
3.729986083999999869e-01 1.089599974645177188e-14
3.732735106999999775e-01 7.668100333033719268e-15
3.735484131000000319e-01 7.027499902937132600e-15
3.738233397999999874e-01 7.146400035325586875e-15
3.740982421999999863e-01 9.935999709088060017e-15
3.743731444999999769e-01 9.745199608488398085e-15
3.746480469000000313e-01 6.438700196246356297e-15
3.749229491999999664e-01 7.478499631087369426e-15
3.751978516000000208e-01 1.057700036225222434e-14
3.754727539000000114e-01 1.345100009294501048e-14
3.757476806999999752e-01 1.330400006604786842e-14
3.760225829999999658e-01 1.331200029223468528e-14
3.762974854000000202e-01 1.321100008360408251e-14
3.765723877000000108e-01 1.335499991980204984e-14
3.768473144999999747e-01 1.438000041850510946e-14
3.771222167999999653e-01 1.611800021792189619e-14
3.773971191000000114e-01 1.660800030757903639e-14
3.776720459000000307e-01 1.587999920633648837e-14
3.779469482000000213e-01 1.632800001433697135e-14
3.782218749999999852e-01 1.656400033410096451e-14
3.784967772999999758e-01 1.593599994261125918e-14
3.787717040999999951e-01 1.509099987443036917e-14
3.790466064000000412e-01 1.516700075265570852e-14
3.793215332000000051e-01 1.560400029673725264e-14
3.795964354999999957e-01 1.569699943214809129e-14
3.798713623000000150e-01 1.587500001788179349e-14
3.801462646000000056e-01 1.428800078197203088e-14
3.804211914000000250e-01 1.680000065386495767e-14
3.806961181999999888e-01 1.618299983222829669e-14
3.809710204999999794e-01 1.605499960137101584e-14
3.812459472999999988e-01 1.560100010603807791e-14
3.815208740000000098e-01 1.437000034752982519e-14
3.817957764000000087e-01 1.320900023881561511e-14
3.820707030999999643e-01 1.140999966763641543e-14
3.823456298999999836e-01 1.058200039773986648e-14
3.826205565999999947e-01 1.021900019302929979e-14
3.828954589999999936e-01 1.194899976625926966e-14
3.831703857000000046e-01 1.332700039869761169e-14
3.834453125000000240e-01 1.429099927860531111e-14
3.837202392999999878e-01 1.538899961780158809e-14
3.839951659999999989e-01 1.450100076908628077e-14
3.842700683999999978e-01 1.488899945716916362e-14
3.845449951000000088e-01 1.638999943794419711e-14
3.848199219000000282e-01 1.628700023155807419e-14
3.850948485999999837e-01 1.479099943923773558e-14
3.853697754000000031e-01 1.503799932885477308e-14
3.856447021000000142e-01 1.227499987776787399e-14
3.859196288999999780e-01 9.921100399545856874e-15
3.861945556999999973e-01 1.063500009628251530e-14
3.864694824000000084e-01 1.451200033893932512e-14
3.867444092000000277e-01 1.553900068243085214e-14
3.870193358999999833e-01 1.674099972689101212e-14
3.872942627000000027e-01 1.620500066600027989e-14
3.875691894999999665e-01 1.355999968072948286e-14
3.878441162000000331e-01 1.359999996463061994e-14
3.881190429999999969e-01 1.451900021921543465e-14
3.883939696999999525e-01 1.551499915683745429e-14
3.886688964999999718e-01 1.317799967997905497e-14
3.889438231999999829e-01 1.488100007801529401e-14
3.892187500000000022e-01 1.598300010678850580e-14
3.894937011999999865e-01 1.565599964936919414e-14
3.897686278999999976e-01 1.483600060565946205e-14
3.900435547000000169e-01 1.544399916113270432e-14
3.903184814000000280e-01 1.665500047175628301e-14
3.905934082000000473e-01 1.751799999006632691e-14
3.908683349999999557e-01 1.713100080086120414e-14
3.911432616999999667e-01 1.944700063689127484e-14
3.914182129000000065e-01 1.945299932422372979e-14
3.916931396000000176e-01 1.973999949774190438e-14
3.919680663999999815e-01 1.677499962939379974e-14
3.922429932000000008e-01 1.499399935537670120e-14
3.925179442999999768e-01 1.620299997417886523e-14
3.927928710999999962e-01 1.525099931596902297e-14
3.930677979000000155e-01 1.467999915963184854e-14
3.933427246000000266e-01 1.585299918410981029e-14
3.936176758000000109e-01 1.639599981934254658e-14
3.938926025000000219e-01 1.827199992059189843e-14
3.941675292999999858e-01 1.682899967384715589e-14
3.944424561000000051e-01 1.440499974891037288e-14
3.947174071999999811e-01 1.508799968373119443e-14
3.949923340000000005e-01 1.798000055861902896e-14
3.952672607000000116e-01 2.109100010795356833e-14
3.955421874999999754e-01 1.979300004331750046e-14
3.958171386999999597e-01 1.592900006233514965e-14
3.960920654000000263e-01 1.224299982005355378e-14
3.963669921999999901e-01 1.230800028139290153e-14
3.966419433999999744e-01 1.671499920354209412e-14
3.969168700999999855e-01 1.883699969553072340e-14
3.971917969000000048e-01 2.099300009002214029e-14
3.974667479999999808e-01 2.308900005866185157e-14
3.977416748000000002e-01 2.600099938143436012e-14
3.980166016000000195e-01 2.599999988255660005e-14
3.982915526999999956e-01 2.684599944961525014e-14
3.985664795000000149e-01 2.874299919169293061e-14
3.988414061999999705e-01 2.748499941095799981e-14
3.991163574000000103e-01 2.774199937155032158e-14
3.993912842000000296e-01 2.844300045056619153e-14
3.996662354000000139e-01 2.869400002976016384e-14
3.999411621000000250e-01 2.851600113809235615e-14
4.002160889000000443e-01 2.972800025352780040e-14
4.004910400000000203e-01 2.929099901538036177e-14
4.007659667999999842e-01 2.934700144572102709e-14
4.010408936000000035e-01 2.998699921187564232e-14
4.013158446999999796e-01 3.147299993322069667e-14
4.015907714999999989e-01 3.173199889156853859e-14
4.018656982000000100e-01 3.108199936037274458e-14
4.021406493999999943e-01 2.980700132245231448e-14
4.024155762000000136e-01 2.943199950791210162e-14
4.026905029000000247e-01 2.967400020907444425e-14
4.029654541000000090e-01 2.739500046624633589e-14
4.032403808999999728e-01 2.429399929382118628e-14
4.035153075999999839e-01 2.350700065373648173e-14
4.037902587999999682e-01 2.975500027575447848e-14
4.040651854999999792e-01 3.087500144872273866e-14
4.043401122999999986e-01 3.232799837831097645e-14
4.046150634999999829e-01 2.724700009343848650e-14
4.048899901999999940e-01 2.882399925837296484e-14
4.051649170000000133e-01 3.171500063438303929e-14
4.054398681999999976e-01 3.094500025148383404e-14
4.057147949000000087e-01 3.171400113550527922e-14
4.059897217000000280e-01 3.033899899970021741e-14
4.062646729000000123e-01 2.973200163717062972e-14
4.065395996000000234e-01 2.734599961024767462e-14
4.068145264000000427e-01 2.781400056019872613e-14
4.070894775000000188e-01 2.735100049276826401e-14
4.073644042999999826e-01 2.746000008055273639e-14
4.076393311000000019e-01 2.744300012930134258e-14
4.079142821999999780e-01 2.809299966049713659e-14
4.081892089999999973e-01 2.847999884970225937e-14
4.084641357000000084e-01 2.871699866834401260e-14
4.087390625000000277e-01 2.899899965340749231e-14
4.090140137000000120e-01 2.951800045711272524e-14
4.092889404000000231e-01 2.829100038818140733e-14
4.095638671999999869e-01 2.809800054301772598e-14
4.098388184000000267e-01 2.691100075798754515e-14
4.101137206999999618e-01 2.750600074585222293e-14
4.103886719000000016e-01 2.785599984185538336e-14
4.106635742000000477e-01 2.867599888556511545e-14
4.109385253999999765e-01 2.767699975724392109e-14
4.112134766000000163e-01 2.776199951350089012e-14
4.114883789000000625e-01 2.727300061678740450e-14
4.117633300999999912e-01 2.737900001387270216e-14
4.120382324000000374e-01 2.787299979310677717e-14
4.123131835999999661e-01 2.945000065210715001e-14
4.125880859000000123e-01 2.993800004994287556e-14
4.128630370999999966e-01 2.923200147653820524e-14
4.131379882999999809e-01 2.797499950061514001e-14
4.134128905999999715e-01 2.857000118254571230e-14
4.136878418000000113e-01 2.893899922755578669e-14
4.139627440999999464e-01 3.044200159421812935e-14
4.142376952999999862e-01 2.894599910783189622e-14
4.145125976999999851e-01 2.723099964106485277e-14
4.147875487999999611e-01 3.003499887493064902e-14
4.150624512000000155e-01 3.046699923055749826e-14
4.153374023000000470e-01 3.130399991958451866e-14
4.156123046999999904e-01 3.137700060711068328e-14
4.158872559000000302e-01 3.129500104155288898e-14
4.161621581999999653e-01 3.168600161440084106e-14
4.164371094000000051e-01 3.180200108246142299e-14
4.167120117000000512e-01 3.078499911587928572e-14
4.169869628999999800e-01 3.097100077483275204e-14
4.172618652000000261e-01 3.026100081778525241e-14
4.175368164000000659e-01 3.033799950082245733e-14
4.178117188000000093e-01 3.076999985644930657e-14
4.180866210999999444e-01 3.027500057833747149e-14
4.183615722999999842e-01 3.147700131686352598e-14
4.186364746000000303e-01 3.087100006507990935e-14
4.189114257999999591e-01 3.042400045002308095e-14
4.191863281000000052e-01 2.923599947204924554e-14
4.194612304999999486e-01 2.992599928714617663e-14
4.197361815999999801e-01 2.982200058188229363e-14
4.200110840000000345e-01 2.821700020177748264e-14
4.202860351999999633e-01 2.736500025332048308e-14
4.205609375000000094e-01 2.914199914369475231e-14
4.208358398000000555e-01 2.777100008559841432e-14
4.211107909999999843e-01 2.678700021670719911e-14
4.213856934000000387e-01 2.521100055065048084e-14
4.216605956999999738e-01 2.165399919107097865e-14
4.219354980000000199e-01 1.973800049998638423e-14
4.222104492000000597e-01 1.580600071399845818e-14
4.224853516000000031e-01 9.768000041362589342e-15
4.227602539000000492e-01 7.476099986747797993e-15
4.230352050999999780e-01 1.071299997226337480e-14
4.233101074000000241e-01 1.460799966504933850e-14
4.235850097999999675e-01 1.872800010774625101e-14
4.238599121000000136e-01 2.084799990791346563e-14
4.241348632999999424e-01 2.111400044060331160e-14
4.244097655999999885e-01 2.293900068809848203e-14
4.246846679999999874e-01 2.381900015765991974e-14
4.249595702999999780e-01 2.360799916830119000e-14
4.252344726999999769e-01 2.182100020695163650e-14
4.255093750000000230e-01 2.041500005340885632e-14
4.257843262000000073e-01 2.238699948076822155e-14
4.260592284999999979e-01 2.321199940699854303e-14
4.263341309000000523e-01 2.362799931025175854e-14
4.266090331999999874e-01 2.567299942513728839e-14
4.268839355000000335e-01 2.601500083605247371e-14
4.271588378999999769e-01 2.499399917989340164e-14
4.274337402000000230e-01 2.288200045294595114e-14
4.277086425999999664e-01 2.373100021070377597e-14
4.279835449000000125e-01 2.803100023688991083e-14
4.282584473000000114e-01 2.790600019673180471e-14
4.285333496000000020e-01 2.807500021036798271e-14
4.288082520000000009e-01 2.710199991132981184e-14
4.290831543000000470e-01 2.327500002354942338e-14
4.293580565999999821e-01 2.658700049126740822e-14
4.296329590000000365e-01 2.851399875220504698e-14
4.299078612999999716e-01 2.712200005328038038e-14
4.301827637000000260e-01 2.754000064835501055e-14
4.304576659999999610e-01 2.724000021316237696e-14
4.307325684000000154e-01 2.737500032429576735e-14
4.310074706999999505e-01 2.618599984744417186e-14
4.312823729999999967e-01 3.055499917751364203e-14
4.315572753999999955e-01 3.006699977967791648e-14
4.318321776999999861e-01 2.986200086578343071e-14
4.321070311999999913e-01 3.081199913810596380e-14
4.323819335999999347e-01 3.159400028380186798e-14
4.326568358999999808e-01 3.178399993826637460e-14
4.329317382999999797e-01 3.260999936337445615e-14
4.332066405999999703e-01 3.427800036003014750e-14
4.334814940999999755e-01 3.562200108996570191e-14
4.337563965000000299e-01 3.454399919865409896e-14
4.340312987999999650e-01 3.419600079447235319e-14
4.343062012000000194e-01 3.530099931987884521e-14
4.345810547000000246e-01 3.443599910974738665e-14
4.348559570000000152e-01 3.608699846108578968e-14
4.351308594000000141e-01 3.516499970986769474e-14
4.354057128999999637e-01 3.063499974531591619e-14
4.356806152000000099e-01 3.152299859403122351e-14
4.359555176000000087e-01 3.153100136131688214e-14
4.362303710999999584e-01 3.136900122795681367e-14
4.365052734000000045e-01 3.366499922797042132e-14
4.367801270000000180e-01 3.506499900011485205e-14
4.370550293000000086e-01 3.606900070502253031e-14
4.373298828000000138e-01 3.513500119100773644e-14
4.376047851999999572e-01 3.481399942092087973e-14
4.378796387000000179e-01 3.439100133145744920e-14
4.381545409999999530e-01 3.483399956287144827e-14
4.384293945000000137e-01 3.201300037775425822e-14
4.387042969000000125e-01 3.515899932846934528e-14
4.389791503999999622e-01 3.592899971136855053e-14
4.392540527000000083e-01 3.716099896875456332e-14
4.395289061999999580e-01 3.736800026853635825e-14
4.398037597999999715e-01 3.757500156831815319e-14
4.400786621000000176e-01 3.808699910361548757e-14
4.403535155999999673e-01 3.753600078329477618e-14
4.406283690999999725e-01 3.573200017662793437e-14
4.409032715000000269e-01 3.863299992954739859e-14
4.411781249999999766e-01 4.058199902425702055e-14
4.414529784999999817e-01 4.194099901362255411e-14
4.417278809000000361e-01 4.460000145351146472e-14
4.420027343999999858e-01 4.418900073871294409e-14
4.422775878999999910e-01 4.268100087766180106e-14
4.425524414000000517e-01 4.041799989314143193e-14
4.428272949000000014e-01 3.961800099138226838e-14
4.431021484000000066e-01 4.286699914848347837e-14
4.433770507999999499e-01 4.305400030631470476e-14
4.436519043000000107e-01 4.106099954406111641e-14
4.439267578000000158e-01 4.203900072561987666e-14
4.442016112999999655e-01 4.538700009359616927e-14
4.444764648000000262e-01 4.768799897613036631e-14
4.447513184000000397e-01 5.020700042236529714e-14
4.450261718999999894e-01 5.038499931403310483e-14
4.453010253999999946e-01 4.775100128674714117e-14
4.455758789000000553e-01 4.580799918530407966e-14
4.458507324000000049e-01 4.420300049926516317e-14
4.461255859000000101e-01 4.604300000619031275e-14
4.464004394999999681e-01 4.744600166309981271e-14
4.466752440999999796e-01 4.883300117356978443e-14
4.469500976999999931e-01 4.960400105534674975e-14
4.472249512000000538e-01 5.025300108766478369e-14
4.474998047000000034e-01 5.140200128061524210e-14
4.477746581999999531e-01 5.315599983833976805e-14
4.480494628999999729e-01 5.374900082844892568e-14
4.483243164000000336e-01 5.256999872850671995e-14
4.485991699000000388e-01 5.393300010151508284e-14
4.488740233999999885e-01 5.573899970593744480e-14
4.491488281000000082e-01 5.552499852587954032e-14
4.494236815999999579e-01 5.718700252926867122e-14
4.496984862999999777e-01 5.550899976757180110e-14
4.499733398000000384e-01 5.756099806866754598e-14
4.502481934000000519e-01 5.770100245045331477e-14
4.505229980000000078e-01 5.647200168970058221e-14
4.507978516000000213e-01 5.477000079054210324e-14
4.510726561999999773e-01 5.394999835870058214e-14
4.513475097999999908e-01 5.439999985852247977e-14
4.516223145000000105e-01 5.403499980902344568e-14
4.518971679999999602e-01 5.650399920631606066e-14
4.521719726999999800e-01 5.883299760995469585e-14
4.524467773000000470e-01 5.999400195383364220e-14
4.527216309000000605e-01 5.804300047323671108e-14
4.529964355000000165e-01 5.783900105821998539e-14
4.532712402000000362e-01 5.729099784640076520e-14
4.535460937999999942e-01 5.555099904922845833e-14
4.538208984000000057e-01 5.760500312434330139e-14
4.540957030999999700e-01 6.329299877174537903e-14
4.543705077999999897e-01 6.340799874092820088e-14
4.546453125000000095e-01 6.273300157339303795e-14
4.549201659999999592e-01 5.934400242263784819e-14
4.551949706999999790e-01 5.803400159520508139e-14
4.554697753999999987e-01 5.983099893346402465e-14
4.557445800999999630e-01 6.312099687334413178e-14
4.560193847999999828e-01 6.730300182184595359e-14
4.562941895000000025e-01 6.782299873629715758e-14
4.565689940999999585e-01 7.053599783250763533e-14
4.568437987999999783e-01 7.338299754097374339e-14
4.571186034999999981e-01 7.259100140650023847e-14
4.573934081999999623e-01 7.296999782841970261e-14
4.576682128999999821e-01 7.405800148477248435e-14
4.579430176000000019e-01 7.184000166667384168e-14
4.582177733999999725e-01 6.762700208856609052e-14
4.584925780999999922e-01 6.567600060796915939e-14
4.587673828000000120e-01 5.944200074650338173e-14
4.590421874999999763e-01 5.852599898855184724e-14
4.593169434000000106e-01 5.955099694615606509e-14
4.595917480000000221e-01 6.022499800294525696e-14
4.598665526999999864e-01 6.178599840957199607e-14
4.601413085999999653e-01 6.282299712997291286e-14
4.604161132999999850e-01 6.343799725978815918e-14
4.606909179999999493e-01 6.440700295144707876e-14
4.609656737999999754e-01 6.544900255436858494e-14
4.612404784999999952e-01 7.246400067452071769e-14
4.615152344000000295e-01 7.424800113923699096e-14
4.617900390999999938e-01 7.508900321190684068e-14
4.620647949000000199e-01 7.635699798141937222e-14
4.623395996000000396e-01 7.593600227784325085e-14
4.626143554999999630e-01 6.866499691971297836e-14
4.628891112999999891e-01 6.207699827266710546e-14
4.631639159999999533e-01 6.010700292526094390e-14
4.634386718999999877e-01 5.992400315107254682e-14
4.637134277000000138e-01 5.992300026406299773e-14
4.639881835999999371e-01 6.097099686025106435e-14
4.642629882999999569e-01 6.288300094395640749e-14
4.645377440999999830e-01 6.403600252054969522e-14
4.648125000000000173e-01 6.194000255190998394e-14
4.650872559000000517e-01 6.179499728760362576e-14
4.653620117000000223e-01 6.352600059487609196e-14
4.656367676000000011e-01 6.472100145312603692e-14
4.659115233999999717e-01 6.919799748397043038e-14
4.661862793000000060e-01 7.114500096905632121e-14
4.664610351999999849e-01 7.234999681608386690e-14
4.667357909999999555e-01 6.704000147985528235e-14
4.670105468999999898e-01 5.939699958008165526e-14
4.672853027000000159e-01 5.510299993529386986e-14
4.675600585999999392e-01 5.425099998683687030e-14
4.678347655999999799e-01 5.650999958771441012e-14
4.681095215000000143e-01 5.709000031614910875e-14
4.683842773000000403e-01 5.738800005952032768e-14
4.686590331999999637e-01 6.054600316116390268e-14
4.689337402000000044e-01 6.230199732851215977e-14
4.692084960999999832e-01 6.511399763559772014e-14
4.694832030999999684e-01 6.570400012907359755e-14
4.697579590000000027e-01 6.819399916719454113e-14
4.700327148000000288e-01 6.818399740215336235e-14
4.703074219000000222e-01 7.150499674790297688e-14
4.705821776999999928e-01 7.109699791786952550e-14
4.708568847999999862e-01 6.948499935155449947e-14
4.711315918000000269e-01 6.865200004617030838e-14
4.714063476999999502e-01 6.870700297763321363e-14
4.716810546999999909e-01 6.448400163448428368e-14
4.719557617000000316e-01 6.556699763205289799e-14
4.722305176000000104e-01 6.636700331007563958e-14
4.725052245999999956e-01 6.706999999871524065e-14
4.727799315999999807e-01 6.821199692325780051e-14
4.730546387000000297e-01 7.058499699444040210e-14
4.733293456999999593e-01 7.172099692571640150e-14
4.736040527000000000e-01 7.135299837958408720e-14
4.738788085999999788e-01 7.071600249819454120e-14
4.741535155999999640e-01 7.270999937119410061e-14
4.744282226999999574e-01 7.415400081088249773e-14
4.747029296999999981e-01 7.662100121041959255e-14
4.749775878999999978e-01 7.838100014954246797e-14
4.752522949000000385e-01 7.951399819605339814e-14
4.755270019999999764e-01 8.008100205094542678e-14
4.758017090000000171e-01 7.669999889121231762e-14
4.760764159999999467e-01 6.568199760123571984e-14
4.763510742000000575e-01 5.302700010860472712e-14
4.766257811999999872e-01 4.935699947166381774e-14
4.769004882999999806e-01 4.790200015618827079e-14
4.771751465000000358e-01 4.974000066535790021e-14
4.774498534999999655e-01 5.105900037082229670e-14
4.777245605000000062e-01 5.303300049000307659e-14
4.779992188000000142e-01 5.300699996665415858e-14
4.782739257999999438e-01 5.407200159629130254e-14
4.785485840000000546e-01 5.625000113048880812e-14
4.788232909999999842e-01 5.944799773976994217e-14
4.790979492000000395e-01 6.231899897382944808e-14
4.793726074000000392e-01 6.482499677025813090e-14
4.796473144999999771e-01 6.727500230074151544e-14
4.799219726999999769e-01 6.823700133586074745e-14
4.801966309000000321e-01 6.734800298826768006e-14
4.804712891000000319e-01 6.221599976744332516e-14
4.807459472999999761e-01 5.343000144424937814e-14
4.810206054999999759e-01 5.118600110280181748e-14
4.812953125000000165e-01 5.145899982170187847e-14
4.815699706999999608e-01 5.477299928717538346e-14
4.818446289000000160e-01 5.802299694315435352e-14
4.821192871000000157e-01 5.913000124257994372e-14
4.823938965000000301e-01 6.087900230591566930e-14
4.826685547000000298e-01 6.292800211037813396e-14
4.829432128999999740e-01 6.206200240136891533e-14
4.832178710999999738e-01 6.361500004070999581e-14
4.834925293000000290e-01 6.580199845293913108e-14
4.837671387000000434e-01 6.775199704652651311e-14
4.840417968999999876e-01 6.835099841803402021e-14
4.843164550999999873e-01 6.149199666171181744e-14
4.845910645000000017e-01 5.940000146484672450e-14
4.848657226999999459e-01 5.887400078086538202e-14
4.851403320000000075e-01 5.601099892595974572e-14
4.854149902000000072e-01 5.575100046873414372e-14
4.856895996000000215e-01 5.758399670725139474e-14
4.859642578000000213e-01 5.699200199228357522e-14
4.862388671999999801e-01 5.836000085968073847e-14
4.865134765999999944e-01 5.982700093795298435e-14
4.867881347999999941e-01 6.016199908046027112e-14
4.870627440999999447e-01 6.197399906628098254e-14
4.873373534999999590e-01 6.494799950672661137e-14
4.876119628999999733e-01 6.435000102222865337e-14
4.878865722999999877e-01 6.652800055642615895e-14
4.881611815999999382e-01 6.690200287208861174e-14
4.884357909999999525e-01 6.929499969708999285e-14
4.887104003999999668e-01 7.177400085942378660e-14
4.889850097999999812e-01 7.199899991526884091e-14
4.892596190999999872e-01 7.195000075333607414e-14
4.895342284999999460e-01 7.384700218947964911e-14
4.898088378999999604e-01 7.565400129277977115e-14
4.900834472999999747e-01 7.479000058152607266e-14
4.903580565999999807e-01 7.952599895885009706e-14
4.906326172000000096e-01 8.308300201249549377e-14
4.909072266000000240e-01 8.659200201495409477e-14
4.911817871000000446e-01 8.812799800897788693e-14
4.914563965000000034e-01 8.872500038272987388e-14
4.917310059000000177e-01 8.878099942493875019e-14
4.920055664000000384e-01 8.907599728354489987e-14
4.922801270000000118e-01 9.220600086408403673e-14
4.925547362999999623e-01 9.714799765418030697e-14
4.928292968999999912e-01 1.000900005780104574e-13
4.931038574000000119e-01 1.009899968013906746e-13
4.933784668000000262e-01 1.002100014297138686e-13
4.936530273000000468e-01 1.009899968013906746e-13
4.939275878999999647e-01 1.025799996161314009e-13
4.942021483999999854e-01 1.052700000737580299e-13
4.944767090000000143e-01 1.074899988896121927e-13
4.947512695000000349e-01 1.105100033834890971e-13
4.950258301000000083e-01 1.124099999281341633e-13
4.953003905999999734e-01 1.023399979127245785e-13
4.955749512000000578e-01 7.339800018853551156e-14
4.958495117000000230e-01 5.636400160079386989e-14
4.961240722999999964e-01 5.374699844256161652e-14
4.963986328000000170e-01 5.580199862842243064e-14
4.966731445000000522e-01 5.914700288789723204e-14
4.969477050999999701e-01 6.418600189111306475e-14
4.972222655999999907e-01 7.016499740161025178e-14
4.974967773000000260e-01 7.188299705907646997e-14
4.977713378999999994e-01 7.018000004917201995e-14
4.980458496000000346e-01 6.934099697425769038e-14
4.983204101999999525e-01 7.056500024062162257e-14
4.985949218999999877e-01 7.525899933628898975e-14
4.988694335999999674e-01 7.613800269510445640e-14
4.991439940999999880e-01 7.831499934229241289e-14
4.994185059000000315e-01 7.984100034753860431e-14
4.996930176000000112e-01 7.658999980455008516e-14
4.999675293000000464e-01 6.948100135604345917e-14
5.002420410000000262e-01 6.381399857320613211e-14
5.005165527000000614e-01 6.304199919255140672e-14
5.007910644999999938e-01 6.308199947645254380e-14
5.010655762000000291e-01 6.383600110104400982e-14
5.013400878999999533e-01 6.306499783113525548e-14
5.016145995999999885e-01 6.268100052669520195e-14
5.018891112999999127e-01 6.747599983099317189e-14
5.021636230000000589e-01 7.009699759660467655e-14
5.024381347999999914e-01 7.133699962127634797e-14
5.027125976999999857e-01 7.204000308617952708e-14
5.029871094000000209e-01 7.351899715098489385e-14
5.032615723000000152e-01 7.687200078961356486e-14
5.035360840000000504e-01 7.747300115887659211e-14
5.038105469000000447e-01 7.916100229748285200e-14
5.040850585999999689e-01 8.102200144523633019e-14
5.043595215000000742e-01 8.357300040808673947e-14
5.046340331999999984e-01 8.668300045854351876e-14
5.049084960999999927e-01 8.395499871477127285e-14
5.051829589999999870e-01 8.167900085670823374e-14
5.054574218999999813e-01 8.191200267983894667e-14
5.057318847999999756e-01 8.201399899921552050e-14
5.060063965000000108e-01 8.368900326427911041e-14
5.062808594000000051e-01 8.662900041409016261e-14
5.065553222999999994e-01 8.524999689464227148e-14
5.068297851999999937e-01 8.620099805397435366e-14
5.071041992000000498e-01 8.847900168605649096e-14
5.073786621000000441e-01 8.897900184668891543e-14
5.076531250000000384e-01 9.045500080299279100e-14
5.079275879000000327e-01 8.813999877177458586e-14
5.082020019999999860e-01 8.635200031154727229e-14
5.084764648000000831e-01 8.655499683955444890e-14
5.087509276999999663e-01 8.785399979120006586e-14
5.090253418000000307e-01 8.868600298583828589e-14
5.092998047000000250e-01 9.034300271857503839e-14
5.095742187999999784e-01 8.998499916122032483e-14
5.098486328000000345e-01 9.042700128188835285e-14
5.101230957000000288e-01 8.655299784179892875e-14
5.103975097999999821e-01 8.415399724726740915e-14
5.106719237999999272e-01 8.355999675828049145e-14
5.109463378999999916e-01 8.824200186741473773e-14
5.112208007999999859e-01 9.219799809679837810e-14
5.114952148000000420e-01 9.466400238558950186e-14
5.117696288999999954e-01 9.529399838670293832e-14
5.120440429999999488e-01 9.343699723446050043e-14
5.123184081999999639e-01 9.207799724509496686e-14
5.125928223000000283e-01 8.912999732799825603e-14
5.128672362999999734e-01 9.007899948957481806e-14
5.131416503999999268e-01 9.304400105198881721e-14
5.134160644999999912e-01 9.726299762336312882e-14
5.136904297000000064e-01 1.001499976157303740e-13
5.139648438000000708e-01 1.001099973318292369e-13
5.142392089999999749e-01 9.789400328774969240e-14
5.145136230000000310e-01 9.684200191978700745e-14
5.147879882999999435e-01 9.595900056546050050e-14
5.150623534999999587e-01 9.398199856151465137e-14
5.153367676000000230e-01 9.066099921576503684e-14
5.156111328000000382e-01 9.504999868778507555e-14
5.158854980000000534e-01 1.045699984936199201e-13
5.161598632999999658e-01 1.097800032844910290e-13
5.164342284999999810e-01 1.017599971842898798e-13
5.167086425999999344e-01 8.013700109315430309e-14
5.169829590000000197e-01 5.478500004997208239e-14
5.172573242000000349e-01 5.011499909176632406e-14
5.175316894999999473e-01 5.144599956002741947e-14
5.178060546999999625e-01 5.379999898813721260e-14
5.180804198999999777e-01 5.552800041064460956e-14
5.183547852000000011e-01 5.936700106122169696e-14
5.186291015999999754e-01 6.660300024170784372e-14
5.189034667999999906e-01 7.192400022998715614e-14
5.191777831999999648e-01 7.405699859776293525e-14
5.194521483999999800e-01 7.780499741661880964e-14
5.197264648000000653e-01 8.100699879767456202e-14
5.200008300999999777e-01 8.114299840768571248e-14
5.202751465000000630e-01 7.690800307800366165e-14
5.205494628999999263e-01 6.983399725461400531e-14
5.208237793000000115e-01 6.671100033061455603e-14
5.210980956999999858e-01 7.475300218239000483e-14
5.213724609000000010e-01 9.150200128843488656e-14
5.216467772999999752e-01 1.002399999485738269e-13
5.219210938000000688e-01 1.056899996665881802e-13
5.221953612999999939e-01 1.081900004697503026e-13
5.224696776999999681e-01 1.043100000363943181e-13
5.227439940999999424e-01 1.045900020237022776e-13
5.230183105000000277e-01 1.122499987925296150e-13
5.232925780999999610e-01 1.132499991137944639e-13
5.235668945000000463e-01 1.127499989531620395e-13
5.238412109000000205e-01 1.121299979408262038e-13
5.241154784999999539e-01 1.052599983087168511e-13
5.243897949000000391e-01 9.906399973339669041e-14
5.246640624999999725e-01 9.927300003093400549e-14
5.249383301000000168e-01 1.006700013064451560e-13
5.252126464999999911e-01 1.047999984319855638e-13
5.254869141000000354e-01 1.089600008526495079e-13
5.257611815999999605e-01 1.102199996311399588e-13
5.260354492000000048e-01 1.084499989269759046e-13
5.263097168000000492e-01 1.017299986654299215e-13
5.265839843999999825e-01 9.678100199505754175e-14
5.268582520000000269e-01 9.626799818461886926e-14
5.271325195000000630e-01 1.009599982825307163e-13
5.274067382999999554e-01 1.092400028399574674e-13
5.276810058999999997e-01 1.125800028287798904e-13
5.279552734000000358e-01 1.139299971638502162e-13
5.282294922000000392e-01 1.125800028287798904e-13
5.285037597999999726e-01 1.175499991399805988e-13
5.287779784999999677e-01 1.204100024982529549e-13
5.290522461000000121e-01 1.212899951915508145e-13
5.293264648000000072e-01 1.235199957724461561e-13
5.296007324000000516e-01 1.244800025860734460e-13
5.298749512000000550e-01 1.182199954249951723e-13
5.301491699000000501e-01 1.213099987216331721e-13
5.304233887000000536e-01 1.268600025375321572e-13
5.306976074000000487e-01 1.256899993156215811e-13
5.309718262000000522e-01 1.210599952531851708e-13
5.312460449000000473e-01 1.180500060768766013e-13
5.315202637000000507e-01 1.201000019920850370e-13
5.317944824000000459e-01 1.239199986114575269e-13
5.320686523000000001e-01 1.215299968949576370e-13
5.323428711000000035e-01 1.212899951915508145e-13
5.326170897999999987e-01 1.184699988934431736e-13
5.328912597999999612e-01 1.134399987682589706e-13
5.331654784999999563e-01 1.184100018557232570e-13
5.334396484000000216e-01 1.205999953764538835e-13
5.337138672000000250e-01 1.235600028326108712e-13
5.339880370999999792e-01 1.219199979689278290e-13
5.342622070000000445e-01 1.238399980436552528e-13
5.345363770000000070e-01 1.256599940204980448e-13
5.348105468999999612e-01 1.270499954157330857e-13
5.350847168000000265e-01 1.316300042054907582e-13
5.353588867000000917e-01 1.377800055036432214e-13
5.356330565999999349e-01 1.360700018371990838e-13
5.359072266000000084e-01 1.311000055259983754e-13
5.361813965000000737e-01 1.279799969342368393e-13
5.364555664000000279e-01 1.278899946013933864e-13
5.367296875000000522e-01 1.262799950328338805e-13
5.370038574000000065e-01 1.264800032286031439e-13
5.372779784999999197e-01 1.251600006361291983e-13
5.375521483999999850e-01 1.337000036507815515e-13
5.378262695000000093e-01 1.376300061330798519e-13
5.381004394999999718e-01 1.417600032586202596e-13
5.383745604999999879e-01 1.432599969642539550e-13
5.386486816000000122e-01 1.438300027039110529e-13
5.389228027000000365e-01 1.443700031484446145e-13
5.391969237999999498e-01 1.404400006661463141e-13
5.394710448999999741e-01 1.381999983202097937e-13
5.397451659999999984e-01 1.347199939496016019e-13
5.400192871000000228e-01 1.435200021977431351e-13
5.402934081999999361e-01 1.456399969157126661e-13
5.405675293000000714e-01 1.410100064058034119e-13
5.408416016000000548e-01 1.381199977524075195e-13
5.411157226999999681e-01 1.361299988749190004e-13
5.413898437999999924e-01 1.410399981483997922e-13
5.416639159999999675e-01 1.477899969288057336e-13
5.419379882999999509e-01 1.488400060752764764e-13
5.422121093999999752e-01 1.488300043102352976e-13
5.424861815999999504e-01 1.459499974218805840e-13
5.427602539000000448e-01 1.474400029150002567e-13
5.430343262000000282e-01 1.396800020482882876e-13
5.433084472999999415e-01 1.403999936059815989e-13
5.435825195000000276e-01 1.429000011854072993e-13
5.438565429999999701e-01 1.510899966337270195e-13
5.441306152000000562e-01 1.543999981036894842e-13
5.444046875000000396e-01 1.542199934380025783e-13
5.446787598000000230e-01 1.354500008248632481e-13
5.449528319999999981e-01 1.117399968668560117e-13
5.452268554999999406e-01 9.290600244422214660e-14
5.455009277000000267e-01 8.907800305756399806e-14
5.457749512000000802e-01 9.078100006746844808e-14
5.460489746000000144e-01 9.373499697783171936e-14
5.463230468999999978e-01 9.729200003147711606e-14
5.465970703000000430e-01 1.033699967528493857e-13
5.468710937999999855e-01 1.073799998029499603e-13
5.471451172000000307e-01 1.024099967154856738e-13
5.474191405999999649e-01 1.074600003707522344e-13
5.476931641000000184e-01 1.072300004323865907e-13
5.479671874999999526e-01 1.097400030005898919e-13
5.482412108999999978e-01 1.107199997917723833e-13
5.485152344000000513e-01 1.145700017062684095e-13
5.487892577999999855e-01 1.151399938933983513e-13
5.490632323999999898e-01 1.175499991399805988e-13
5.493372559000000432e-01 1.174100015344584080e-13
5.496112304999999365e-01 1.130599994593299573e-13
5.498852539000000927e-01 9.962300082100306042e-14
5.501592284999999860e-01 9.381900231740861185e-14
5.504332030999999903e-01 9.262799945466970719e-14
5.507071776999999946e-01 9.382499931067517229e-14
5.509812012000000481e-01 9.649999712074003311e-14
5.512551757999999413e-01 9.290499955721259751e-14
5.515291503999999456e-01 9.551300044928143218e-14
5.518031249999999499e-01 9.731600155707051392e-14
5.520770507999999133e-01 1.004199978379971547e-13
5.523510254000000286e-01 9.969100062600863565e-14
5.526250000000000329e-01 9.522099769917677370e-14
5.528989257999999962e-01 9.804199688429396375e-14
5.531729004000000005e-01 9.626400018910782896e-14
5.534468750000000048e-01 9.424899689901636290e-14
5.537208007999999682e-01 9.373299798007619921e-14
5.539947266000000425e-01 9.403799760372352767e-14
5.542687012000000468e-01 9.403700149297755662e-14
5.545426270000000102e-01 9.514700090090463802e-14
5.548165526999999653e-01 9.607400053464332235e-14
5.550904784999999286e-01 9.742699675447871743e-14
5.553644043000000030e-01 1.010500006153741692e-13
5.556383300999999664e-01 1.035999966912150294e-13
5.559122559000000408e-01 1.060800007405583723e-13
5.561861327999999549e-01 1.083500016053548509e-13
5.564600585999999183e-01 1.096399989027052602e-13
5.567339843999999927e-01 1.104200010506456442e-13
5.570078613000000178e-01 1.130700012243711361e-13
5.572817870999999812e-01 1.143799952755403249e-13
5.575556641000000146e-01 1.168700010899248465e-13
5.578295409999999288e-01 1.184800006584843524e-13
5.581034668000000032e-01 1.194699992147080225e-13
5.583773438000000366e-01 1.206199989065362410e-13
5.586512206999999508e-01 1.227499953895469509e-13
5.589250976999999843e-01 1.206699941792149788e-13
5.591989746000000094e-01 1.207400065345032303e-13
5.594728516000000429e-01 1.178700014111896954e-13
5.597466797000000271e-01 1.080999981369068497e-13
5.600205565999999413e-01 1.001599993807715527e-13
5.602944335999999748e-01 1.028399980733570029e-13
5.605682617000000700e-01 1.027000004678348122e-13
5.608421386999999925e-01 1.048100001970267425e-13
5.611159667999999767e-01 1.055900023449671266e-13
5.613897948999999610e-01 1.059499981238137822e-13
5.616636718999999944e-01 1.025699978510902222e-13
5.619374999999999787e-01 1.016099978137265103e-13
5.622113280999999629e-01 1.021300015044412923e-13
5.624851561999999472e-01 1.039199989624241260e-13
5.628191894999999834e-01 9.999700313666551321e-14
5.633064452999999583e-01 1.027500025167771280e-13
5.637937012000000525e-01 1.046200005425622359e-13
5.642809570000000274e-01 1.081200016669892072e-13
5.647682129000000106e-01 1.144900011384661354e-13
5.652554687999999938e-01 1.149199957200738864e-13
5.657427734000000097e-01 1.131699985459921898e-13
5.662300292999999929e-01 1.095700000999441648e-13
5.667173340000000170e-01 1.087300009142838642e-13
5.672045897999999919e-01 1.138100030884103830e-13
5.676918945000000161e-01 1.162000048049102729e-13
5.681791992000000402e-01 1.182500007201187087e-13
5.686665039000000643e-01 1.191499969434989259e-13
5.691538085999999774e-01 1.225800060414283799e-13
5.696411133000000016e-01 1.261800044874764049e-13
5.701284179999999147e-01 1.286599949842925916e-13
5.706157714999999797e-01 1.306200021191847305e-13
5.711030762000000038e-01 1.296699970705986193e-13
5.715904296999999579e-01 1.304000039458602656e-13
5.720777343999999820e-01 1.275600041176702670e-13
5.725650878999999360e-01 1.329200015028411674e-13
5.730524414000000011e-01 1.355899984303854389e-13
5.735397949000000661e-01 1.377600019735608639e-13
5.740271484000000202e-01 1.400999948648548599e-13
5.745145019999999825e-01 1.430800058510942052e-13
5.750018554999999365e-01 1.447700059874559853e-13
5.754892578000000425e-01 1.370600003934227540e-13
5.759766112999999965e-01 1.256699957855392236e-13
5.764640136999999998e-01 1.247200042894802685e-13
5.769513671999999538e-01 1.274399964897032778e-13
5.774387695000000598e-01 1.314000042671251145e-13
5.779261719000000630e-01 1.345799963440794111e-13
5.784135742000000580e-01 1.406100035667920412e-13
5.789009766000000612e-01 1.442800008156011615e-13
5.793883789000000561e-01 1.511699972015292937e-13
5.798758300999999893e-01 1.510099960659247453e-13
5.803632323999999842e-01 1.469800030382689693e-13
5.808506347999999875e-01 1.351600038487776878e-13
5.813380859000000234e-01 1.241499985498231706e-13
5.818255371000000675e-01 1.228499994874315826e-13
5.823129394999999597e-01 1.268399990074497996e-13
5.828003905999999956e-01 1.293100012917519637e-13
5.832878418000000398e-01 1.304399974534978246e-13
5.837752929999999729e-01 1.245099943286698263e-13
5.842627441000000088e-01 1.185499994612454477e-13
5.847502440999999829e-01 1.083800001242148092e-13
5.852376953000000270e-01 1.049800030976724696e-13
5.857251465000000712e-01 1.015100004921054566e-13
5.862126465000000453e-01 9.674600259367699406e-14
5.867001465000000193e-01 9.346900152733955691e-14
5.871875976999999525e-01 8.476899737708265548e-14
5.876750976999999265e-01 7.845499694781460365e-14
5.881625977000000116e-01 6.579900334443763987e-14
5.886500976999999857e-01 5.239199983683891226e-14
5.891375976999999597e-01 5.286400047636689858e-14
5.896250976999999338e-01 6.261699871720066701e-14
5.901126465000000598e-01 7.195899963136770383e-14
5.906001465000000339e-01 7.679799721507785115e-14
5.910876465000000080e-01 8.070199917402723355e-14
5.915751953000000229e-01 8.335300223476227455e-14
5.920627440999999269e-01 8.313700205694884993e-14
5.925502441000000120e-01 8.687199722599847629e-14
5.930377929999999242e-01 9.133199838778915947e-14
5.935253418000000503e-01 9.433800312111384478e-14
5.940128905999999542e-01 9.753099884787438945e-14
5.945004394999999775e-01 9.455800129443830970e-14
5.949879882999999925e-01 9.278400259476321521e-14
5.954755858999999374e-01 9.137100256094432549e-14
5.959631347999999607e-01 9.367300094235628261e-14
5.964507324000000166e-01 9.621199914240999296e-14
5.969382812000000316e-01 9.682199838970464989e-14
5.974258789000000958e-01 1.008300024420497043e-13
5.979134276999999997e-01 1.037599978268195777e-13
5.984010253999999529e-01 1.075999979762744252e-13
5.988886230000000088e-01 1.105100033834890971e-13
5.993762206999999620e-01 1.112700020013471236e-13
5.998638184000000262e-01 1.124900004959364375e-13
6.003514648000000120e-01 1.102400031612223164e-13
6.008390624999999652e-01 1.153400020891676148e-13
6.013266601999999184e-01 1.178000026084286000e-13
6.018143066000000152e-01 1.202800066577719429e-13
6.023019042999999684e-01 1.240499944519385389e-13
6.027895507999999625e-01 1.246699954642743746e-13
6.032771972999999566e-01 1.223099990428980210e-13
6.037647949000000125e-01 1.255600034751405691e-13
6.042524414000000066e-01 1.318099953186505080e-13
6.047400879000000007e-01 1.342699958379114933e-13
6.052277343999999948e-01 1.320700005521396880e-13
6.057153808999999889e-01 1.322099981576618788e-13
6.062030762000000239e-01 1.308400002925091954e-13
6.066907227000000180e-01 1.349499938879672456e-13
6.071783691000000038e-01 1.370499986283815752e-13
6.076660645000000471e-01 1.355699949003030813e-13
6.081537109000000330e-01 1.351700056138188666e-13
6.086414061999999570e-01 1.384799935312541752e-13
6.091291016000000003e-01 1.416000021230157113e-13
6.096167969000000353e-01 1.404600041962286716e-13
6.101044921999999593e-01 1.398199996538104783e-13
6.105921874999999943e-01 1.415200015552134372e-13
6.110798828000000293e-01 1.409200040729599590e-13
6.115675780999999533e-01 1.392900009743180956e-13
6.120552733999999884e-01 1.410199946183174347e-13
6.125429688000000317e-01 1.455799998779927495e-13
6.130307128999999966e-01 1.468799989403843376e-13
6.135184082000000316e-01 1.477899969288057336e-13
6.140061522999999966e-01 1.463100067532543958e-13
6.144938965000000808e-01 1.368199986900159315e-13
6.149815918000000048e-01 1.246899989943567322e-13
6.154693358999999697e-01 1.090199978903694245e-13
6.159570800999999429e-01 9.585499847206482849e-14
6.164448242000000189e-01 9.236899710819007625e-14
6.169325683999999921e-01 9.255400265639757151e-14
6.174203124999999570e-01 9.252699924603910442e-14
6.179080565999999219e-01 8.967100065954136667e-14
6.183958496000000471e-01 8.601599928203043643e-14
6.188835938000000203e-01 8.073800146241733033e-14
6.193713867000000262e-01 8.179599982364657573e-14
6.198591308999999994e-01 8.396899847532349193e-14
6.203469238000000052e-01 8.494700304501404120e-14
6.208346679999999784e-01 8.255300333300311100e-14
6.213224608999999843e-01 7.613399792332983806e-14
6.218102538999999984e-01 7.392799886802789433e-14
6.222980469000000125e-01 7.460700080733767559e-14
6.227858398000000184e-01 7.465400097151492220e-14
6.232736328000000325e-01 7.699900152159308564e-14
6.237614257999999356e-01 7.784999858304053610e-14
6.242492675999999907e-01 8.143100316227933066e-14
6.247370604999999966e-01 8.538300139615193074e-14
6.252248535000000107e-01 8.947400112480075052e-14
6.257126952999999547e-01 9.412400194105594031e-14
6.262004882999999689e-01 9.786100288412466486e-14
6.266883301000000239e-01 9.986300252440988290e-14
6.271761718999999680e-01 1.012100017509787175e-13
6.276640137000000230e-01 1.036099984562562082e-13
6.281518065999999179e-01 1.109600014951792057e-13
6.286396483999999729e-01 1.151000003857607923e-13
6.291274902000000280e-01 1.181599983872752557e-13
6.296153320000000830e-01 1.230699976607560475e-13
6.301032226999999653e-01 1.305099962562589200e-13
6.305910645000000203e-01 1.384400000236166162e-13
6.310789061999999561e-01 1.461699955952050489e-13
6.315667480000000111e-01 1.454099969773470225e-13
6.320546387000000044e-01 1.507300008548803638e-13
6.325424804999999484e-01 1.531699978440589915e-13
6.330303710999999334e-01 1.578800024742976760e-13
6.335182617000000294e-01 1.625800053394951816e-13
6.340061523000000143e-01 1.702600056384048766e-13
6.344939940999999584e-01 1.693300041199011230e-13
6.349818847999999516e-01 1.674399957877700795e-13
6.354697753999999366e-01 1.633599939349084096e-13
6.359576659999999215e-01 1.657800009465318358e-13
6.364455566000000175e-01 1.677300063163827959e-13
6.369334960999999407e-01 1.692300000220164913e-13
6.374213867000000366e-01 1.666099983671509577e-13
6.379092773000000216e-01 1.608399963779275077e-13
6.383971680000000148e-01 1.647100018225058915e-13
6.388851074000000407e-01 1.712600059596697255e-13
6.393729980000000257e-01 1.814400002854779648e-13
6.398609374999999488e-01 1.902700002762158782e-13
6.403488769999999830e-01 1.970799960943417362e-13
6.408368164000000089e-01 1.946500008702042872e-13
6.413247069999999939e-01 1.928300048933614952e-13
6.418126465000000280e-01 1.907899971906670822e-13
6.423005858999999429e-01 1.925599978948311364e-13
6.427885253999999771e-01 1.980099976128454897e-13
6.432764648000000030e-01 1.999099941574905559e-13
6.437644043000000371e-01 2.031700003547742828e-13
6.442523926000000012e-01 2.095500015912923897e-13
6.447403320000000271e-01 2.081900054911808851e-13
6.452282715000000612e-01 2.150700001120678384e-13
6.457162598000000253e-01 2.158099951998435073e-13
6.462041992000000512e-01 2.211999978801379441e-13
6.466921875000000153e-01 2.296000032892681064e-13
6.471801269999999384e-01 2.286900053008467104e-13
6.476681152000000052e-01 2.237899942398799413e-13
6.481561034999999693e-01 2.154999946936755895e-13
6.486440918000000444e-01 2.173699994957242754e-13
6.491320801000000085e-01 2.201799940287907376e-13
6.496200684000000836e-01 2.270299969070813106e-13
6.501080565999999283e-01 2.363099950095093327e-13
6.505960449000000034e-01 2.405400097854615282e-13
6.510840331999999675e-01 2.426299992083075230e-13
6.515720215000000426e-01 2.484599982352508896e-13
6.520600098000000067e-01 2.549500053346948070e-13
6.525480469000000117e-01 2.618600052507052967e-13
6.530360351999999757e-01 2.671999991057938395e-13
6.535240234000000425e-01 2.688499921819909044e-13
6.540120605000000475e-01 2.634799930317788252e-13
6.545000976999999498e-01 2.475900073069942087e-13
6.549880859000000166e-01 2.393799947760649749e-13
6.554761230000000216e-01 2.382300086367639125e-13
6.559641601999999239e-01 2.308400053139397778e-13
6.564521973000000399e-01 2.273100056706528482e-13
6.569401854999999957e-01 2.208199985712089308e-13
6.574282227000000089e-01 2.185899979903135892e-13
6.579162598000000139e-01 2.210100050019370155e-13
6.584043456999999488e-01 2.268899993015591199e-13
6.588923827999999538e-01 2.213299937206189560e-13
6.593804199000000699e-01 2.177900058648180037e-13
6.598684570000000749e-01 2.192699960403693416e-13
6.603565430000000180e-01 2.135099958161870703e-13
6.608445801000000230e-01 2.125700060851692941e-13
6.613326172000000280e-01 2.075099938885979767e-13
6.618207030999999629e-01 1.988399950334646116e-13
6.623087401999999679e-01 1.894799963632343154e-13
6.627968262000000221e-01 1.914599934756816557e-13
6.632849121000000681e-01 1.877500027192349763e-13
6.637729980000000030e-01 1.826599987800672786e-13
6.642610352000000162e-01 1.801799947307239358e-13
6.647491210999999511e-01 1.673499934549266266e-13
6.652372069999999971e-01 1.632299980944273976e-13
6.657252929999999402e-01 1.645500006869013432e-13
6.662133789000000972e-01 1.700399939125532556e-13
6.667014648000000321e-01 1.701299962453967085e-13
6.671895507999999753e-01 1.680200032924683562e-13
6.676776855000000621e-01 1.581000006476221409e-13
6.681657715000000053e-01 1.492000018541231321e-13
6.686538574000000512e-01 1.517699946837827718e-13
6.691419922000000353e-01 1.532299948817789081e-13
6.696300780999999702e-01 1.572000044242419237e-13
6.701181641000000244e-01 1.586299993271145237e-13
6.706062988000000002e-01 1.570300015235961966e-13
6.710944335999999844e-01 1.474199993849178991e-13
6.715825195000000303e-01 1.371400009612250281e-13
6.720706543000000144e-01 1.379499948517617924e-13
6.725587890999999985e-01 1.419800014319447246e-13
6.730469237999999743e-01 1.463800055560154911e-13
6.735350098000000285e-01 1.493899947323240607e-13
6.740231445000000043e-01 1.491500065814443943e-13
6.745112792999999884e-01 1.458900003841606674e-13
6.749994140999999725e-01 1.447799941999700080e-13
6.754875487999999484e-01 1.496899934734507998e-13
6.759757323999999734e-01 1.528900026330146100e-13
6.764638671999999575e-01 1.583999993887488800e-13
6.769520019999999416e-01 1.610599945512519726e-13
6.774401367000000285e-01 1.605000041291632096e-13
6.779283202999999425e-01 1.499800040020635161e-13
6.784164551000000376e-01 1.476700028533659004e-13
6.789045898000000134e-01 1.481099992000148302e-13
6.793927734000000385e-01 1.537500053487572682e-13
6.798809570000000635e-01 1.554599954626742497e-13
6.803690918000000476e-01 1.562399976106146338e-13
6.808572753999999616e-01 1.594800002778160031e-13
6.813454101999999457e-01 1.570199997585550178e-13
6.818335937999999707e-01 1.594800002778160031e-13
6.823217772999999875e-01 1.649099964657479989e-13
6.828099609000000125e-01 1.663099996260242186e-13
6.832981445000000376e-01 1.696699963686654211e-13
6.837863280999999516e-01 1.725099961968554196e-13
6.842745117000000876e-01 1.716099999734752024e-13
6.847626953000000016e-01 1.658299962192105736e-13
6.852508789000000267e-01 1.652600040320806318e-13
6.857390625000000517e-01 1.639199979095243287e-13
6.862272460999999657e-01 1.681000038602706304e-13
6.867154296999999907e-01 1.716099999734752024e-13
6.872036621000000567e-01 1.797700036791985423e-13
6.876918456999999707e-01 1.830100063463999116e-13
6.881800292999999957e-01 1.809599968786643198e-13
6.886682617000000617e-01 1.853199939425703713e-13
6.891564452999999757e-01 1.907300001529471656e-13
6.896446777000000417e-01 1.949100061036934672e-13
6.901328612999999557e-01 1.978200047346445611e-13
6.906210938000000299e-01 2.064499965296132111e-13
6.911093261999999848e-01 2.102199978763069632e-13
6.915975098000000099e-01 2.102700067015128571e-13
6.920857421999999648e-01 2.187700026560004951e-13
6.925739746000000308e-01 2.286900053008467104e-13
6.930622069999999857e-01 2.371200024525732530e-13
6.935504394999999489e-01 2.428500109341591440e-13
6.940386719000000149e-01 2.506600070735498509e-13
6.945268554999999289e-01 2.586400061135862849e-13
6.950150878999999948e-01 2.591599894755103328e-13
6.955033690999999907e-01 2.619000123108700118e-13
6.959916016000000649e-01 2.674499890217146847e-13
6.964798340000000199e-01 2.724400024155249067e-13
6.969680664000000858e-01 2.776900074902971527e-13
6.974562987999999297e-01 2.876900107029456422e-13
6.979445311999999957e-01 2.891499973484146224e-13
6.984328124999999998e-01 2.915300108524004896e-13
6.989210449000000658e-01 2.920199889192010012e-13
6.994092773000000207e-01 2.972899975240556047e-13
6.998975585999999138e-01 2.991900076212278270e-13
7.003857909999999798e-01 3.049599960579241209e-13
7.008740722999999839e-01 3.107000063045511906e-13
7.013623047000000499e-01 3.172499968891878686e-13
7.018505858999999347e-01 3.211899875840001917e-13
7.023388672000000499e-01 3.287799991025935897e-13
7.028270996000000048e-01 3.444399984415397187e-13
7.033153809000000090e-01 3.556199930886128069e-13
7.038036621000000048e-01 3.601099995455270264e-13
7.042919434000000090e-01 3.566400104924871695e-13
7.047801757999999639e-01 3.310299896610441328e-13
7.052684570000000708e-01 2.746100059587003317e-13
7.057567382999999639e-01 2.480300036536431385e-13
7.062450195000000708e-01 2.454500090589423200e-13
7.067333007999999639e-01 2.512800080858856866e-13
7.072215820000000708e-01 2.523999889300632127e-13
7.077098632999999639e-01 2.483800112199757715e-13
7.081981445000000708e-01 2.273799909208867875e-13
7.086864746000000048e-01 2.000200000204163664e-13
7.091747559000000090e-01 1.932100042022905084e-13
7.096630371000000048e-01 1.966099944525692700e-13
7.101513184000000090e-01 2.012999955527255969e-13
7.106395996000000048e-01 2.148299984086610159e-13
7.111279297000000499e-01 2.162699950765747947e-13
7.116162108999999347e-01 2.134800040735906901e-13
7.121045409999999798e-01 1.925200043871935773e-13
7.125928222999999839e-01 1.625500000443716453e-13
7.130811034999999798e-01 1.593899979449725501e-13
7.135694335999999138e-01 1.611399951190542468e-13
7.140577148000000207e-01 1.691199941590906808e-13
7.145460449000000658e-01 1.732699948147134461e-13
7.150343749999999998e-01 1.817600025566870614e-13
7.155226561999999957e-01 1.822799994711382654e-13
7.160109862999999297e-01 1.835900002985710322e-13
7.164993164000000858e-01 1.878400050520784292e-13
7.169875976999999789e-01 1.962100051660850553e-13
7.174759277000000157e-01 2.041599989109979529e-13
7.179642577999999498e-01 2.114999934086161937e-13
7.184525878999999948e-01 2.194000054333775096e-13
7.189409179999999289e-01 2.195400030388997004e-13
7.194291992000000358e-01 2.106599942229558931e-13
7.199175292999999698e-01 2.044499958870835132e-13
7.204058594000000149e-01 2.094200057508113777e-13
7.208941894999999489e-01 2.180800028409035640e-13
7.213825194999999857e-01 2.268799975365179411e-13
7.218708496000000308e-01 2.377600069949914463e-13
7.223591796999999648e-01 2.452800061582965929e-13
7.228475585999999398e-01 2.498800049256094669e-13
7.233358886999999848e-01 2.575800087546015193e-13
7.238242188000000299e-01 2.654699919092673444e-13
7.243125487999999557e-01 2.772100040834835077e-13
7.248008789000000007e-01 2.863299874977798254e-13
7.252892577999999757e-01 2.909899968553397720e-13
7.257775879000000208e-01 2.975699927350999863e-13
7.262659179999999548e-01 3.036999905031700919e-13
7.267542969000000408e-01 3.050000031180888360e-13
7.272426269999999748e-01 3.113400108469693839e-13
7.277309570000000116e-01 3.194300021974044723e-13
7.282193358999999866e-01 3.313100119771428265e-13
7.287076659999999206e-01 3.384199929838682674e-13
7.291960449000000066e-01 3.475199999731365397e-13
7.296843750000000517e-01 3.530199949638296308e-13
7.301727539000000267e-01 3.607500040879452197e-13
7.306610840000000717e-01 3.720100128553477381e-13
7.311494628999999357e-01 3.773600084754774597e-13
7.316378418000000217e-01 3.878499897549264608e-13
7.321261718999999557e-01 3.887899930384713931e-13
7.326145507999999307e-01 4.005799869328391383e-13
7.331029297000000167e-01 4.116499892695135721e-13
7.335912597999999507e-01 4.147399925661515718e-13
7.340796387000000367e-01 4.168899925792446393e-13
7.345680176000000117e-01 4.193900001586703397e-13
7.350563964999999866e-01 4.249500057396105035e-13
7.355447266000000317e-01 4.288399876092169327e-13
7.360331055000000067e-01 4.389799884273876129e-13
7.365214843999999816e-01 4.466200087711869049e-13
7.370098632999999566e-01 4.546799948264984570e-13
7.374982422000000426e-01 4.608900067148979929e-13
7.379866210999999065e-01 4.659699817839701996e-13
7.384749999999999925e-01 4.683100153328456638e-13
7.389633789000000785e-01 4.687400099144534149e-13
7.394517577999999425e-01 4.703799741205549889e-13
7.399401367000000285e-01 4.657299936330905332e-13
7.404285156000000034e-01 4.751800081886914384e-13
7.409168945000000894e-01 4.760800044120716557e-13
7.414052733999999534e-01 4.770899929458505273e-13
7.418936523000000394e-01 4.842999916029877561e-13
7.423820312000000143e-01 4.874699819149008739e-13
7.428704101999999976e-01 4.913700197596571062e-13
7.433588379000000135e-01 4.922300089228726083e-13
7.438472167999999884e-01 4.911699844588335306e-13
7.443355956999999634e-01 4.921000130823915963e-13
7.448239746000000494e-01 4.972300240817240091e-13
7.453123535000000244e-01 4.966199977293750401e-13
7.458007811999999292e-01 4.963100243282614343e-13
7.462891602000000235e-01 5.018899792291753315e-13
7.467775390999999985e-01 5.033799982748221602e-13
7.472659668000000144e-01 5.091399849464772753e-13
7.477543456999999893e-01 5.102000094105163530e-13
7.482427245999999643e-01 5.080099752322042583e-13
7.487311522999999802e-01 5.106700110522888192e-13
7.492195311999999552e-01 5.129299762707262289e-13
7.497079589999999794e-01 5.189900158936167074e-13
7.501963378999999543e-01 5.243099791135685805e-13
7.506847168000000403e-01 5.275799870758934862e-13
7.511731445000000562e-01 5.294799971730657084e-13
7.516615234000000312e-01 5.282699733384632612e-13
7.521499512000000554e-01 5.292499836821729087e-13
7.526383301000000303e-01 5.376700061739125847e-13
7.531267578000000462e-01 5.389999969789005529e-13
7.536151855000000621e-01 5.417599962392882773e-13
7.541035645000000454e-01 5.475500153111212409e-13
7.545919921999999502e-01 5.479800098927289920e-13
7.550803710999999252e-01 5.506899732228565103e-13
7.555687987999999411e-01 5.530900173619790472e-13
7.560571777000000271e-01 5.437600239868722873e-13
7.565456054999999402e-01 5.475700188412035985e-13
7.570340331999999561e-01 5.462799808862717210e-13
7.575224121000000421e-01 5.402300243435853577e-13
7.580108398000000580e-01 5.266700161925264023e-13
7.584992675999999712e-01 4.894199737322246779e-13
7.589876952999999871e-01 4.642900105177039105e-13
7.594760742000000731e-01 4.639399758463169654e-13
7.599645019999999862e-01 4.597599970006249759e-13
7.604529297000000021e-01 4.631600008034308935e-13
7.609413085999999771e-01 4.762999890328689645e-13
7.614297362999999930e-01 4.765199736536662733e-13
7.619181641000000171e-01 4.697099913880675714e-13
7.624065918000000330e-01 4.334899952017357005e-13
7.628950195000000489e-01 4.180200022935176563e-13
7.633833984000000239e-01 4.086700053883285388e-13
7.638718262000000481e-01 4.080900114361574182e-13
7.643602539000000640e-01 4.142599891593379269e-13
7.648486815999999688e-01 4.070299869721183406e-13
7.653371093999999930e-01 3.963399974969000761e-13
7.658255371000000089e-01 3.585800005447697947e-13
7.663139648000000248e-01 3.169499981480611295e-13
7.668023438000000080e-01 3.285999944369066839e-13
7.672907715000000239e-01 3.322499881556334467e-13
7.677791992000000398e-01 3.430800023414282141e-13
7.682676269999999530e-01 3.417899914915506487e-13
7.687560546999999689e-01 3.448100095379547092e-13
7.692444823999999848e-01 3.287299902773876958e-13
7.697329102000000089e-01 3.196200086281325570e-13
7.702213379000000248e-01 3.361499988953353668e-13
7.707097656000000407e-01 3.451899952943565664e-13
7.711981934000000649e-01 3.540699905577732176e-13
7.716866210999999698e-01 3.674499940431452671e-13
7.721750487999999857e-01 3.791299956271143579e-13
7.726634766000000099e-01 3.858699926424791204e-13
7.731519043000000257e-01 3.889099871139112263e-13
7.736403320000000416e-01 3.856999897418333934e-13
7.741287597999999548e-01 3.691800012396717623e-13
7.746171874999999707e-01 3.491000077990996653e-13
7.751056151999999866e-01 3.508399896556130271e-13
7.755940430000000108e-01 3.534300131204093365e-13
7.760824707000000267e-01 3.580899953729149710e-13
7.765708984000000425e-01 3.658999915123056779e-13
7.770593262000000667e-01 3.737299911817787423e-13
7.775477539000000826e-01 3.701400080532990522e-13
7.780361815999999875e-01 3.662600008436794896e-13
7.785246094000000117e-01 3.633099951525636806e-13
7.790130371000000276e-01 3.720499928104581411e-13
7.795014648000000435e-01 3.778599883073191501e-13
7.799898925999999566e-01 3.893999922857660501e-13
7.804783202999999725e-01 4.035199908589137685e-13
7.809667479999999884e-01 4.099100074130002103e-13
7.814551758000000126e-01 4.085000024876828117e-13
7.819436034999999174e-01 3.999899912156268389e-13
7.824320311999999333e-01 3.867799906309005165e-13
7.829204590000000685e-01 3.856600097867229904e-13
7.834088867000000844e-01 3.846499941478898066e-13
7.838973144999999976e-01 3.938699952125979120e-13
7.843857422000000135e-01 4.025100023251348969e-13
7.848741699000000294e-01 4.008999892040482349e-13
7.853625976999999425e-01 4.099499873681106132e-13
7.858510253999999584e-01 4.059300096580231720e-13
7.863395020000000235e-01 4.123500044021788380e-13
7.868279297000000394e-01 4.142599891593379269e-13
7.873163574000000553e-01 4.266400058759722835e-13
7.878047851999999684e-01 4.350499994976164686e-13
7.882932128999999843e-01 4.374899964867950963e-13
7.887816406000000002e-01 4.432000014382986297e-13
7.892700684000000244e-01 4.478799872208866217e-13
7.897584960999999293e-01 4.419700011786681371e-13
7.902469237999999452e-01 4.374300130016023358e-13
7.907353515999999694e-01 4.251000051101738730e-13
7.912237792999999852e-01 4.270299933974153195e-13
7.917122070000000011e-01 4.252800097758607789e-13
7.922006348000000253e-01 4.346899901662426569e-13
7.926890625000000412e-01 4.426799909713202696e-13
7.931774902000000571e-01 4.480899971816970639e-13
7.936659179999999703e-01 4.493600045014922717e-13
7.941543456999999862e-01 4.494699968118909261e-13
7.946427734000000020e-01 4.578900193036306021e-13
7.951312012000000262e-01 4.657900042233376059e-13
7.956196289000000421e-01 4.687200063843710574e-13
7.961080565999999470e-01 4.781799955999588292e-13
7.965964843999999712e-01 4.817399734333149830e-13
7.970849120999999871e-01 4.862400087603246934e-13
7.975733398000000030e-01 4.823200215955947279e-13
7.980617676000000271e-01 4.838299899612152899e-13
7.985501953000000430e-01 4.845599832839497800e-13
7.990386230000000589e-01 4.878999764965086250e-13
7.995270507999999721e-01 4.908400075276375674e-13
8.000154784999999880e-01 4.975899792029891966e-13
8.005039062000000039e-01 5.019200116293531799e-13
8.009923340000000280e-01 5.092600061269714207e-13
8.014807617000000439e-01 5.154499873802342869e-13
8.019691894999999571e-01 5.188999729031917862e-13
8.024576171999999730e-01 5.243099791135685805e-13
8.029460448999999889e-01 5.336599760187576980e-13
8.034344727000000130e-01 5.342999805611758912e-13
8.039229004000000289e-01 5.438599874271754508e-13
8.044113281000000448e-01 5.454699734432078007e-13
8.048997070000000198e-01 5.491199942669888756e-13
8.053881348000000440e-01 5.616300068241042442e-13
8.058765624999999488e-01 5.597599749170012462e-13
8.063649901999999647e-01 5.655200157987649856e-13
8.068534179999999889e-01 5.708900149489770648e-13
8.073418457000000048e-01 5.720500028533193060e-13
8.078302245999999798e-01 5.707499902384005619e-13
8.083186522999999957e-01 5.773100096931327307e-13
8.088070801000000198e-01 5.824099882922872951e-13
8.092955078000000357e-01 5.870099870596001690e-13
8.097839355000000516e-01 5.900200033409630507e-13
8.102723145000000349e-01 5.927800026013507750e-13
8.107607422000000508e-01 5.978999847305876969e-13
8.112491699000000667e-01 6.018099972353307958e-13
8.117375976999999798e-01 6.070400258850749964e-13
8.122259766000000658e-01 6.150999848353322363e-13
8.127144042999999707e-01 6.153799800463766179e-13
8.132028319999999866e-01 6.216300260999951810e-13
8.136912108999999615e-01 6.237700243480470697e-13
8.141796386999999857e-01 6.181500081768598331e-13
8.146680664000000016e-01 6.131999747381600141e-13
8.151564452999999766e-01 6.123900215052047180e-13
8.156448729999999925e-01 6.171800267032456766e-13
8.161333007999999056e-01 6.090100212324811579e-13
8.166216796999999916e-01 6.094299869439934181e-13
8.171101074000000075e-01 5.991500156253548592e-13
8.175984862999999825e-01 5.717300005821102094e-13
8.180869141000000067e-01 5.210299964912568083e-13
8.185752929999999816e-01 5.255899881984049671e-13
8.190637206999999975e-01 5.106000258020548799e-13
8.195521484000001244e-01 5.067899767376149445e-13
8.200405272999999884e-01 5.545999857275996092e-13
8.205289061999999634e-01 5.730399878570158201e-13
8.210172851999999466e-01 5.920599839386031515e-13
8.215057617000000034e-01 5.983099757821130904e-13
8.219941405999999784e-01 6.008600192917989968e-13
8.224825194999999534e-01 6.041100237240415449e-13
8.229708984000000394e-01 6.111100124203683315e-13
8.234592773000000143e-01 6.099599991760129569e-13
8.239477538999999684e-01 6.146600155937376186e-13
8.244361328000000544e-01 6.134299882290528139e-13
8.249245117000000294e-01 6.120199833037354153e-13
8.254128906000000043e-01 6.153099947961426786e-13
8.259012694999999793e-01 6.207800115967665455e-13
8.263896484000000653e-01 6.144599802929140431e-13
8.268780273000000403e-01 6.061399754515861549e-13
8.273665038999999943e-01 6.053300222186308588e-13
8.278548828000000803e-01 6.009000263519637119e-13
8.283432617000000553e-01 5.919699951582868547e-13
8.288316406000000303e-01 5.849700064619600681e-13
8.293200194999998942e-01 5.745799886228142306e-13
8.298083984000000912e-01 5.793600191608683225e-13
8.302967773000000662e-01 5.794100008810199043e-13
8.307851561999999301e-01 5.838300220877001845e-13
8.312735352000000244e-01 5.898700039703996811e-13
8.317619140999998884e-01 5.885099807652338644e-13
8.322502930000000854e-01 5.884699737050691493e-13
8.327386719000000603e-01 5.828999934641421188e-13
8.332270507999999243e-01 5.836800227171368149e-13
8.337154296999998992e-01 5.786600040282030566e-13
8.342038086000000963e-01 5.781000136061142936e-13
8.346921874999999602e-01 5.763700064095877984e-13
8.351805663999999352e-01 5.757300018671696051e-13
8.356689453000001322e-01 5.708599825487992163e-13
8.361573241999999961e-01 5.809999833669698965e-13
8.366457030999999711e-01 5.811899897976979812e-13
8.371339843999999752e-01 5.735200183688837772e-13
8.376223632999999502e-01 5.653100058379545434e-13
8.381107421999999252e-01 5.637400268820869087e-13
8.385991211000000112e-01 5.591200245846916772e-13
8.390874999999999861e-01 5.693500141831786543e-13
8.395758788999999611e-01 5.707000085182489801e-13
8.400641601999999653e-01 5.731400055074276079e-13
8.405525390999999402e-01 5.780600065459495784e-13
8.410409180000000262e-01 5.789899809593990199e-13
8.415292969000000012e-01 5.697100235145524660e-13
8.420176757999999761e-01 5.622300043063577224e-13
8.425059569999999720e-01 5.540599988355932037e-13
8.429943359000000580e-01 5.353100233050633872e-13
8.434827148000000330e-01 5.187100206825723259e-13
8.439709961000000371e-01 5.207500012802124267e-13
8.444593750000000121e-01 5.078900082618187373e-13
8.449477538999999870e-01 5.031000030637777787e-13
8.454360351999999912e-01 4.949000194029440358e-13
8.459244140999999662e-01 4.962399848679188707e-13
8.464127930000000521e-01 4.933299862369677768e-13
8.469010742000000480e-01 4.935300215377913524e-13
8.473894531000000230e-01 4.987300177873577045e-13
8.478777344000000271e-01 5.041099915975566503e-13
8.483661133000000021e-01 5.095199978079334446e-13
8.488544921999998660e-01 5.050200166910323585e-13
8.493427734000000839e-01 4.982000055553381657e-13
8.498311523000000589e-01 4.958099902863111197e-13
8.503194336000000630e-01 4.917600072811001422e-13
8.508078125000000380e-01 4.889600009605477027e-13
8.512960938000000422e-01 4.835400200901840417e-13
8.517844727000000171e-01 4.865099751012735840e-13
8.522727538999999020e-01 4.943799818309113636e-13
8.527610352000000171e-01 5.031600136540248513e-13
8.532494140999998811e-01 5.028499860428026214e-13
8.537376953000000990e-01 4.928599845951953107e-13
8.542260742000000739e-01 5.004499961137887087e-13
8.547143555000000781e-01 5.178400026492613328e-13
8.552026367000000739e-01 5.278000259067994193e-13
8.556910155999999379e-01 5.272999918648491047e-13
8.561792969000000530e-01 5.363499900289114830e-13
8.566675780999999379e-01 5.388000158881856017e-13
8.571559569999999129e-01 5.348699998533601452e-13
8.576442382999999170e-01 5.361300054081141742e-13
8.581325194999999129e-01 5.399899819825970670e-13
8.586208007999999170e-01 5.407599823654962723e-13
8.591091796999998920e-01 5.431600265046188092e-13
8.595974609000001099e-01 5.385599735271973110e-13
8.600857421999998920e-01 5.505299991923062741e-13
8.605740234000001099e-01 5.507600126831990739e-13
8.610623046999998920e-01 5.655699975189165674e-13
8.615505859000001099e-01 5.659900174405374518e-13
8.620388671999998920e-01 5.668300030736705963e-13
8.625272461000000890e-01 5.618200132548323289e-13
8.630155273000000848e-01 5.645699836451245623e-13
8.635038086000000890e-01 5.656399827691505067e-13
8.639920898000000848e-01 5.615099856436100989e-13
8.644803711000000890e-01 5.581800213011467449e-13
8.649686523000000848e-01 5.576799872591964302e-13
8.654569336000000890e-01 5.533700125730234287e-13
8.659452148000000848e-01 5.386599911776090988e-13
8.664334961000000890e-01 5.523000134489974844e-13
8.669216796999998920e-01 5.665599825226130815e-13
8.674099609000001099e-01 5.629300194390229883e-13
8.678982421999998920e-01 5.642899884340801808e-13
8.683865234000001099e-01 5.570599862468605945e-13
8.688748046999998920e-01 5.536199753838899618e-13
8.693630859000001099e-01 5.669800024442339659e-13
8.698513671999998920e-01 5.726999820557243659e-13
8.703395507999999170e-01 5.793099832306081165e-13
8.708278319999999129e-01 5.720099957931545909e-13
8.713161132999999170e-01 5.766599762806190466e-13
8.718043944999999129e-01 5.805200070652105637e-13
8.722925780999999379e-01 5.820499789609134833e-13
8.727808594000000530e-01 5.898500004403173236e-13
8.732691405999999379e-01 5.853900263835809525e-13
8.737573242000000739e-01 5.913200159558817948e-13
8.742456055000000781e-01 5.974000048987460065e-13
8.747337890999998811e-01 5.946299767682627913e-13
8.752220703000000990e-01 6.062800001621626578e-13
8.757102538999999020e-01 6.088600218619177884e-13
8.761985352000000171e-01 6.097200110251332905e-13
8.766868163999999020e-01 6.061799825117508700e-13
8.771750000000000380e-01 6.099500245160260903e-13
8.776631836000000630e-01 6.121499791442164273e-13
8.781514648000000589e-01 6.160199845887948111e-13
8.786396484000000839e-01 6.175700142246887125e-13
8.791279296999998660e-01 6.181399793067643422e-13
8.796161133000000021e-01 6.184500069179865722e-13
8.801042969000000271e-01 6.119700015835838336e-13
8.805925781000000230e-01 6.174299895141122096e-13
8.810807617000000480e-01 6.227999886643242888e-13
8.815689453000000730e-01 6.294200187093035304e-13
8.820572265999999662e-01 6.161499804292758231e-13
8.825454101999999912e-01 6.237599954779515787e-13
8.830335938000000162e-01 6.331299959132230537e-13
8.835217773000000330e-01 6.365399743760158380e-13
8.840099609000000580e-01 6.424399857582474560e-13
8.844981444999999720e-01 6.377700017407006428e-13
8.849864257999999761e-01 6.303699966528353293e-13
8.854746094000000012e-01 6.100899950164939689e-13
8.859627930000000262e-01 5.840900137686622084e-13
8.864509765999999402e-01 5.866100248781702664e-13
8.869391601999999653e-01 5.744499927823332186e-13
8.874273437999999903e-01 5.731499801674144745e-13
8.879155273000000070e-01 5.792699761704434014e-13
8.884037109000000321e-01 5.816799949695528049e-13
8.888918944999999461e-01 5.852500016730044496e-13
8.893800780999999711e-01 5.864799748275806301e-13
8.898681640999999143e-01 5.980800165013289149e-13
8.903563476999999393e-01 5.969300032569735404e-13
8.908445311999999561e-01 6.058199731803770582e-13
8.913327147999999811e-01 6.089199782420562368e-13
8.918208984000001172e-01 6.058999873007064885e-13
8.923089844000000603e-01 6.144000239127755947e-13
8.927971680000000854e-01 6.074500169366003899e-13
8.932853515999998884e-01 6.026099758082992253e-13
8.937734375000000453e-01 5.960500105636756807e-13
8.942616211000000703e-01 6.009100010119505786e-13
8.947498046999998733e-01 6.002600218095455187e-13
8.952378906000000303e-01 6.052500080983014286e-13
8.957260742000000553e-01 6.060000049511182763e-13
8.962141601999999985e-01 6.112600117909317010e-13
8.967023438000000235e-01 6.073200210961193779e-13
8.971904296999999584e-01 6.110700053602036164e-13
8.976786132999999834e-01 6.169300096822705193e-13
8.981666992000000294e-01 6.247299769515657353e-13
8.986548828000000544e-01 6.285900077361572524e-13
8.991429687999999976e-01 6.217099860102159870e-13
8.996310546999999325e-01 6.259100225960989583e-13
9.001192382999999575e-01 6.235099784569764214e-13
9.006073242000000034e-01 6.245200212008639173e-13
9.010954101999999466e-01 6.273099986513208659e-13
9.015835937999999716e-01 6.188500233095250991e-13
9.020716796999999065e-01 6.197500195329053163e-13
9.025597655999999525e-01 6.229699915649700159e-13
9.030478515999998956e-01 6.362000227848330081e-13
9.035359375000000526e-01 6.317300198580011461e-13
9.040240234000000985e-01 6.300999761017778145e-13
9.045121094000000417e-01 6.378799940510992972e-13
9.050001953000000876e-01 6.354600005920030270e-13
9.054882812000000225e-01 6.402399769199484947e-13
9.059763671999999657e-01 6.395099835972140045e-13
9.064644531000000116e-01 6.451900103586483137e-13
9.069525390999999548e-01 6.503999812682015325e-13
9.074406250000000007e-01 6.574199734946106766e-13
9.079287109000000466e-01 6.517400009432849917e-13
9.084167968999999898e-01 6.417700030257600385e-13
9.089048828000000357e-01 6.467399857844335909e-13
9.093929687999999789e-01 6.508100265298355502e-13
9.098809569999999347e-01 6.539499844415708196e-13
9.103690430000000999e-01 6.537900104110205834e-13
9.108571288999999238e-01 6.563499743705847322e-13
9.113451171999998879e-01 6.561800256800476294e-13
9.118332031000000448e-01 6.546200213841668614e-13
9.123212890999998770e-01 6.479300060889536805e-13
9.128092773000000548e-01 6.645500122415270994e-13
9.132973632999999980e-01 6.636900230783115973e-13
9.137853515999999621e-01 6.625000027737915076e-13
9.142734375000000080e-01 6.676100102430415628e-13
9.147614257999999721e-01 6.721900054802720792e-13
9.152495117000000180e-01 6.722700196006015094e-13
9.157374999999999821e-01 6.702499883229351418e-13
9.162254882999999461e-01 6.698699754614789725e-13
9.167135741999999921e-01 6.757200051235590088e-13
9.172015624999999561e-01 6.711800169464932075e-13
9.176895507999999202e-01 6.723499795108223154e-13
9.181775390999998843e-01 6.788899954354721267e-13
9.186656250000000412e-01 6.799199874993333559e-13
9.191536133000000053e-01 6.765199836965274383e-13
9.196416015999999694e-01 6.771399847088632740e-13
9.201295898000000362e-01 6.710700246360945531e-13
9.206175781000000002e-01 6.617099988608099448e-13
9.211055663999999643e-01 6.593100089317960322e-13
9.215935546999999284e-01 6.469900028054087482e-13
9.220815430000000035e-01 6.445999875363817022e-13
9.225695311999999593e-01 6.479799878091052623e-13
9.230575194999999233e-01 6.445399769461346295e-13
9.235455078000001095e-01 6.448599792173437262e-13
9.240334961000000735e-01 6.446100164064771931e-13
9.245214844000000376e-01 6.417599741556645476e-13
9.250093750000000226e-01 6.391899813260049079e-13
9.254973632999999866e-01 6.443100176653504541e-13
9.259853515999999507e-01 6.452799991389646106e-13
9.264732421999999357e-01 6.474600044471812144e-13
9.269612305000000108e-01 6.434899813521910428e-13
9.274492187999999748e-01 6.373899888792444735e-13
9.279371093999999598e-01 6.426499957190578982e-13
9.284250976999999239e-01 6.497799802558656967e-13
9.289129882999999088e-01 6.556399845779325997e-13
9.294009765999998729e-01 6.475099861673327961e-13
9.298888671999998579e-01 6.487600170620999585e-13
9.303768555000000440e-01 6.383600245629672543e-13
9.308647461000000289e-01 6.341999950372489980e-13
9.313526367000000139e-01 6.371099936682000919e-13
9.318406249999999780e-01 6.397800041482715194e-13
9.323285155999999629e-01 6.419899876465573474e-13
9.328164061999999479e-01 6.352299871011102272e-13
9.333042969000000522e-01 6.395899977175434348e-13
9.337921875000000371e-01 6.412500196638359906e-13
9.342801758000000012e-01 6.428800092099506980e-13
9.347680663999999862e-01 6.358800205136239114e-13
9.352559569999999711e-01 6.376899876203712125e-13
9.357438476999999644e-01 6.339899850764385558e-13
9.362317382999999493e-01 6.368000202670864862e-13
9.367196288999999343e-01 6.339600068863693316e-13
9.372075194999999193e-01 6.337099898653941743e-13
9.376953125000000444e-01 6.408799814623666879e-13
9.381832031000000294e-01 6.396900153679552226e-13
9.386710938000000226e-01 6.378300123309477154e-13
9.391589844000000076e-01 6.382800104426378240e-13
9.396467773000000134e-01 6.392099848560872655e-13
9.401346680000000067e-01 6.500400261469363450e-13
9.406225586000001027e-01 6.440300224543060725e-13
9.411103515999998947e-01 6.390999925456886110e-13
9.415982421999998797e-01 6.405500045311707247e-13
9.420861328000000867e-01 6.453099773290338348e-13
9.425739257999999898e-01 6.412799978539052148e-13
9.430618163999999748e-01 6.502400072376512963e-13
9.435496093999999889e-01 6.486899776017573949e-13
9.440374022999999948e-01 6.437399983731662001e-13
9.445252930000000990e-01 6.373499818190797583e-13
9.450130859000001049e-01 6.460000178017122341e-13
9.455008788999998970e-01 6.456400084703384223e-13
9.459886719000000221e-01 6.463999799831421367e-13
9.464765625000000071e-01 6.460299959917814583e-13
9.469643555000000212e-01 6.627199873945888164e-13
9.474521484000000271e-01 6.591499806911371717e-13
9.479399413999999302e-01 6.644000128709637298e-13
9.484277344000000554e-01 6.532300199889318204e-13
9.489155273000000612e-01 6.538799991913368803e-13
9.494033203000000753e-01 6.589000178802706387e-13
9.498911132999999785e-01 6.584300162384981725e-13
9.503789061999999843e-01 6.638200189187926092e-13
9.508666991999999984e-01 6.690499933584281855e-13
9.513544921999999016e-01 6.645700157716094569e-13
9.518421875000000476e-01 6.613299859993537755e-13
9.523299805000000617e-01 6.611599830987080484e-13
9.528177734000000676e-01 6.568799866026042711e-13
9.533054687999999999e-01 6.514499768621451192e-13
9.537932617000000057e-01 6.533299834292349839e-13
9.542810546999999088e-01 6.536800181006219290e-13
9.547687500000000549e-01 6.558600234088385328e-13
9.552565430000000690e-01 6.609800055380754547e-13
9.557442382999999930e-01 6.659600171668444979e-13
9.562319336000000281e-01 6.639999964794252030e-13
9.567197265999999312e-01 6.630700220659757615e-13
9.572074218999999662e-01 6.530600170882860933e-13
9.576951171999998902e-01 6.597199999833214257e-13
9.581829102000000153e-01 6.607800244473605034e-13
9.586706055000000504e-01 6.606499743967708671e-13
9.591583007999999744e-01 6.613400148694492664e-13
9.596459961000000094e-01 6.565199772712304593e-13
9.601336913999999334e-01 6.577200264458460399e-13
9.606213867000000795e-01 6.647400186722551840e-13
9.611090819999998924e-01 6.584599944285673967e-13
9.615967773000000385e-01 6.598400211638155710e-13
9.620844726999999708e-01 6.657599818660209223e-13
9.625721680000000058e-01 6.718200214889114008e-13
9.630598632999999298e-01 6.662800194380535945e-13
9.635475586000000758e-01 6.484099823907130133e-13
9.640351562000000207e-01 6.497999837859480543e-13
9.645228515999999530e-01 6.463700017930729125e-13
9.650105468999999880e-01 6.533099798991526264e-13
9.654981444999999329e-01 6.607200138571134307e-13
9.659858398000000790e-01 6.641000141298369908e-13
9.664734375000000322e-01 6.641099887898238574e-13
9.669611328000000672e-01 6.479399807489405472e-13
9.674487305000000203e-01 6.383499956928717634e-13
9.679364257999999444e-01 6.538100139411029410e-13
9.684240234000001113e-01 6.507599905995753442e-13
9.689116211000000645e-01 6.587799966997764933e-13
9.693993163999999885e-01 6.628000015149182467e-13
9.698869140999999416e-01 6.602399833452454736e-13
9.703745116999999976e-01 6.565799878614775320e-13
9.708621094000000618e-01 6.565900167315730229e-13
9.713497069999998956e-01 6.572100177439088586e-13
9.718373046999999598e-01 6.616299847404805146e-13
9.723249023000000157e-01 6.576699905155858339e-13
9.728124999999999689e-01 6.526300225066783423e-13
9.733000976999999221e-01 6.629700044155639738e-13
9.737876953000000890e-01 6.608100026374297276e-13
9.742752930000000422e-01 6.517400009432849917e-13
9.747628905999999871e-01 6.590100101906692931e-13
9.752503905999999612e-01 6.662200088478065219e-13
9.757379882999999143e-01 6.628699867651521860e-13
9.762255859000000813e-01 6.605500109564677036e-13
9.767130859000000553e-01 6.523199948954561123e-13
9.772006836000000085e-01 6.507300124095061200e-13
9.776881836000000936e-01 6.448099974971921444e-13
9.781757812000000385e-01 6.400399958292335434e-13
9.786632812000000126e-01 6.480899801195039167e-13
9.791507811999999866e-01 6.547300136945655158e-13
9.796383788999999398e-01 6.580999850971935849e-13
9.801258788999999139e-01 6.688500122677132342e-13
9.806133788999999989e-01 6.556799916380973148e-13
9.811008788999999730e-01 6.598600246938979286e-13
9.815884765999999262e-01 6.528500071274756511e-13
9.820759765999999003e-01 6.550700194958569700e-13
9.825634765999998743e-01 6.566899801718761864e-13
9.830509765999999594e-01 6.579899927867949305e-13
9.835384765999999335e-01 6.551100265560216851e-13
9.840258788999999284e-01 6.575700270752826704e-13
9.845133788999999025e-01 6.624199886534620774e-13
9.850008788999999876e-01 6.669299986404586544e-13
9.854883788999999616e-01 6.567800231623011076e-13
9.859758788999999357e-01 6.590599919108208748e-13
9.864632811999999307e-01 6.585200050188144694e-13
9.869507812000000158e-01 6.529899776279435297e-13
9.874381836000000190e-01 6.600400022545305223e-13
9.879256835999999931e-01 6.609300238179238729e-13
9.884130859000000990e-01 6.494599779846566001e-13
9.889005859000000731e-01 6.461399883021801127e-13
9.893879882999999653e-01 6.325299984309695756e-13
9.898754882999999394e-01 6.241099759392298996e-13
9.903628906000000454e-01 6.117399880926910338e-13
9.908502930000000486e-01 6.143200097924461645e-13
9.913376953000000436e-01 6.149200072746996426e-13
9.918250976999999358e-01 6.224799863931151922e-13
9.923125000000000417e-01 6.134499917591351714e-13
9.927999023000000367e-01 6.189000050296766808e-13
9.932873046999999289e-01 6.272000063409222115e-13
9.937747069999999239e-01 6.381100075419920969e-13
9.942621094000000381e-01 6.387199796842324417e-13
9.947495117000000331e-01 6.396300047777081499e-13
9.952369140999999253e-01 6.476599855378961657e-13
9.957243163999999203e-01 6.495300174449991637e-13
9.962116211000000554e-01 6.425699815987284680e-13
9.966990234000000504e-01 6.355699929024016814e-13
9.971863280999999635e-01 6.349600207601613366e-13
9.976737305000000777e-01 6.408999849924490455e-13
9.981610351999999908e-01 6.361400121945859354e-13
9.986484374999999858e-01 6.315600169573554190e-13
9.991357421999998989e-01 6.329900254127551751e-13
9.996231444999998939e-01 6.399799852389864707e-13
1.000110449200000140e+00 6.454099949794456226e-13
1.000597753899999942e+00 6.422600081976148623e-13
1.001085058599999966e+00 6.452199885487175379e-13
1.001572363299999990e+00 6.452399920787998955e-13
1.002059668000000014e+00 6.448599792173437262e-13
1.002546972700000039e+00 6.371700042584471646e-13
1.003034277300000054e+00 6.415599930649495963e-13
1.003521581999999857e+00 6.345699790286096764e-13
1.004008886700000103e+00 6.459899889316167432e-13
1.004496191399999905e+00 6.464900229735670578e-13
1.004983496100000151e+00 6.378599905210169396e-13
1.005470703100000085e+00 6.186899950688662386e-13
1.005958007800000109e+00 6.256199985149590859e-13
1.006445312499999911e+00 6.268500258796438906e-13
1.006932519499999845e+00 6.404699904108412944e-13
1.007419824200000091e+00 6.410600132331079060e-13
1.007907031200000025e+00 6.358299845833637054e-13
1.008394335900000049e+00 6.374000177493399644e-13
1.008881542999999992e+00 6.352499906311925848e-13
1.009368749999999926e+00 6.463700017930729125e-13
1.009855956999999860e+00 6.463700017930729125e-13
1.010343261700000106e+00 6.462400059525919005e-13
1.010830468800000048e+00 6.418100100859247537e-13
1.011317675799999982e+00 6.354399970619206695e-13
1.011804882800000138e+00 6.396599829677773741e-13
1.012292089800000072e+00 6.395600195274742106e-13
1.012779296900000015e+00 6.434199961019571035e-13
1.013266406200000080e+00 6.342299732273182222e-13
1.013753613300000023e+00 6.301700155621203780e-13
1.014240820300000179e+00 6.431600044209950795e-13
1.014728027300000113e+00 6.334200199943629261e-13
1.015215136699999965e+00 6.215399831095702599e-13
1.015702343799999907e+00 6.354600005920030270e-13
1.016189453099999973e+00 6.338500145759706772e-13
1.016676660199999915e+00 6.201499817143352189e-13
1.017163769499999981e+00 6.358499881134460630e-13
1.017650976599999924e+00 6.461100101121108885e-13
1.018138085899999989e+00 6.370800154781308677e-13
1.018625195300000064e+00 6.383099886327070482e-13
1.019112304699999916e+00 6.377499982106182852e-13
1.019599511700000072e+00 6.377499982106182852e-13
1.020086621100000146e+00 6.294700004294551121e-13
1.020573730499999998e+00 6.239599765686665300e-13
1.021060839800000064e+00 6.209100074372475575e-13
1.021547949200000138e+00 6.204200022653927338e-13
1.022034960900000122e+00 6.138599828106605649e-13
1.022522070300000196e+00 6.131400183580215657e-13
1.023009179699999827e+00 6.169100061521881617e-13
1.023496289099999901e+00 6.287000000465559069e-13
