Wavelength Flux
1.194999963045120239e-01 8.861500769853591919e-03
1.204999983310699463e-01 6.944999843835830688e-02
1.215000003576278687e-01 6.080998778343200684e-01
1.225000023841857910e-01 1.437000036239624023e-01
1.234999969601631165e-01 6.269500125199556351e-03
1.244999989867210388e-01 4.075500182807445526e-03
1.254999935626983643e-01 3.378000110387802124e-03
1.264999955892562866e-01 4.162500146776437759e-03
1.274999976158142090e-01 2.414999995380640030e-03
1.284999996423721313e-01 1.954500097781419754e-03
1.295000016689300537e-01 4.668000154197216034e-03
1.305000036954879761e-01 1.381000038236379623e-02
1.315000057220458984e-01 4.480999894440174103e-03
1.324999928474426270e-01 4.649499896913766861e-03
1.334999948740005493e-01 1.930500008165836334e-02
1.344999969005584717e-01 5.063000135123729706e-03
1.354999989271163940e-01 4.196499940007925034e-03
1.365000009536743164e-01 3.432499943301081657e-03
1.375000029802322388e-01 3.225999884307384491e-03
1.385000050067901611e-01 4.494499880820512772e-03
1.395000070333480835e-01 8.898999541997909546e-03
1.404999941587448120e-01 6.819500122219324112e-03
1.414999961853027344e-01 4.612499848008155823e-03
1.424999982118606567e-01 5.121000111103057861e-03
1.435000002384185791e-01 5.578999873250722885e-03
1.445000022649765015e-01 5.570500157773494720e-03
1.455000042915344238e-01 6.039499770849943161e-03
1.465000063180923462e-01 7.693499792367219925e-03
1.474999934434890747e-01 9.194499813020229340e-03
1.484999954700469971e-01 8.851000107824802399e-03
1.494999974966049194e-01 8.617000654339790344e-03
1.504999995231628418e-01 9.397000074386596680e-03
1.515000015497207642e-01 1.000650040805339813e-02
1.525000035762786865e-01 1.268499996513128281e-02
1.535000056028366089e-01 1.412499975413084030e-02
1.544999927282333374e-01 2.262499928474426270e-02
1.554999947547912598e-01 2.343500033020973206e-02
1.564999967813491821e-01 1.981999911367893219e-02
1.574999988079071045e-01 1.843499951064586639e-02
1.585000008344650269e-01 1.794500090181827545e-02
1.595000028610229492e-01 1.871000044047832489e-02
1.605000048875808716e-01 2.070000022649765015e-02
1.615000069141387939e-01 2.381500042974948883e-02
1.624999940395355225e-01 2.703000046312808990e-02
1.634999960660934448e-01 3.087499924004077911e-02
1.644999980926513672e-01 3.214500099420547485e-02
1.655000001192092896e-01 4.616000130772590637e-02
1.665000021457672119e-01 4.273999854922294617e-02
1.675000041723251343e-01 4.141499847173690796e-02
1.685000061988830566e-01 4.840499907732009888e-02
1.694999933242797852e-01 6.238999962806701660e-02
1.704999953508377075e-01 7.017499953508377075e-02
1.714999973773956299e-01 7.330500334501266479e-02
1.724999994039535522e-01 7.720000296831130981e-02
1.735000014305114746e-01 8.125499635934829712e-02
1.745000034570693970e-01 9.635499864816665649e-02
1.755000054836273193e-01 1.146999970078468323e-01
1.764999926090240479e-01 1.298999935388565063e-01
1.774999946355819702e-01 1.497000008821487427e-01
1.784999966621398926e-01 1.645999997854232788e-01
1.794999986886978149e-01 1.685000061988830566e-01
1.805000007152557373e-01 1.960500031709671021e-01
1.815000027418136597e-01 2.398999929428100586e-01
1.825000047683715820e-01 2.396499961614608765e-01
1.835000067949295044e-01 2.391999959945678711e-01
1.844999939203262329e-01 2.193499952554702759e-01
1.854999959468841553e-01 2.453500032424926758e-01
1.864999979734420776e-01 2.870000004768371582e-01
1.875000000000000000e-01 3.197999894618988037e-01
1.885000020265579224e-01 3.494499921798706055e-01
1.895000040531158447e-01 3.793500065803527832e-01
1.905000060796737671e-01 3.992500007152557373e-01
1.914999932050704956e-01 4.422000050544738770e-01
1.924999952316284180e-01 4.377500116825103760e-01
1.934999972581863403e-01 4.032000005245208740e-01
1.944999992847442627e-01 5.530999898910522461e-01
1.955000013113021851e-01 5.768499970436096191e-01
1.965000033378601074e-01 6.370499730110168457e-01
1.975000053644180298e-01 6.571499705314636230e-01
1.985000073909759521e-01 6.555500030517578125e-01
1.994999945163726807e-01 7.052000164985656738e-01
2.005649060010910034e-01 7.756500244140625000e-01
2.015650719404220581e-01 8.497499823570251465e-01
2.025652527809143066e-01 8.730999827384948730e-01
2.035654485225677490e-01 9.743000268936157227e-01
2.045656293630599976e-01 1.083500027656555176e+00
2.055657953023910522e-01 1.116000056266784668e+00
2.065659910440444946e-01 1.172000050544738770e+00
2.075661867856979370e-01 1.340999960899353027e+00
2.085663825273513794e-01 1.585000038146972656e+00
2.095665782690048218e-01 2.233000040054321289e+00
2.105667740106582642e-01 2.916500091552734375e+00
2.115669697523117065e-01 3.500999927520751953e+00
2.125671654939651489e-01 3.270499944686889648e+00
2.135673612356185913e-01 3.446500062942504883e+00
2.145675569772720337e-01 4.172500133514404297e+00
2.155677676200866699e-01 3.771500110626220703e+00
2.165679633617401123e-01 3.363500118255615234e+00
2.175681591033935547e-01 3.666500091552734375e+00
2.185683846473693848e-01 4.621500015258789062e+00
2.195685803890228271e-01 4.888999938964843750e+00
2.205688059329986572e-01 4.933000087738037109e+00
2.215689867734909058e-01 4.119500160217285156e+00
2.225692123174667358e-01 5.157001018524169922e+00
2.235694378614425659e-01 6.540500164031982422e+00
2.245696485042572021e-01 6.125500202178955078e+00
2.255698442459106445e-01 5.445000171661376953e+00
2.265700697898864746e-01 4.110000133514404297e+00
2.275702953338623047e-01 4.133999824523925781e+00
2.285705059766769409e-01 5.396500110626220703e+00
2.295707315206527710e-01 4.954999923706054688e+00
2.305709421634674072e-01 5.415999889373779297e+00
2.315711677074432373e-01 5.295499801635742188e+00
2.325713932514190674e-01 5.527500152587890625e+00
2.335716038942337036e-01 4.663499832153320312e+00
2.345718294382095337e-01 4.055500030517578125e+00
2.355720400810241699e-01 5.335000038146972656e+00
2.365722656250000000e-01 5.054999828338623047e+00
2.375725060701370239e-01 5.040999889373779297e+00
2.385727316141128540e-01 4.361000061035156250e+00
2.395729422569274902e-01 4.593999862670898438e+00
2.405731678009033203e-01 4.109499931335449219e+00
2.415734082460403442e-01 5.326499938964843750e+00
2.425736337900161743e-01 7.324500083923339844e+00
2.435738593339920044e-01 6.905499935150146484e+00
2.445740997791290283e-01 6.340000152587890625e+00
2.455743104219436646e-01 5.146500110626220703e+00
2.465745657682418823e-01 5.244999885559082031e+00
2.475747764110565186e-01 5.770500183105468750e+00
2.485750317573547363e-01 4.748499870300292969e+00
2.495752424001693726e-01 5.859000205993652344e+00
2.505754828453063965e-01 6.266499996185302734e+00
2.515757083892822266e-01 4.806499958038330078e+00
2.525759637355804443e-01 4.318500041961669922e+00
2.535761594772338867e-01 5.361499786376953125e+00
2.545764148235321045e-01 6.196000099182128906e+00
2.555766701698303223e-01 8.223999977111816406e+00
2.565768659114837646e-01 1.055000019073486328e+01
2.575771212577819824e-01 1.301000022888183594e+01
2.585773766040802002e-01 1.297999954223632812e+01
2.595776021480560303e-01 1.085000038146972656e+01
2.605778276920318604e-01 8.915499687194824219e+00
2.615780830383300781e-01 9.304499626159667969e+00
2.625783085823059082e-01 1.080000019073486328e+01
2.635785341262817383e-01 1.695499992370605469e+01
2.645787894725799561e-01 2.590999984741210938e+01
2.655790150165557861e-01 2.625499916076660156e+01
2.665792703628540039e-01 2.589500045776367188e+01
2.675794959068298340e-01 2.605999946594238281e+01
2.685797214508056641e-01 2.533499908447265625e+01
2.695799767971038818e-01 2.480999946594238281e+01
2.705802321434020996e-01 2.776000022888183594e+01
2.715804576873779297e-01 2.329500007629394531e+01
2.725807130336761475e-01 2.048500061035156250e+01
2.735809683799743652e-01 2.053499984741210938e+01
2.745811939239501953e-01 1.381499958038330078e+01
2.755814492702484131e-01 1.815500068664550781e+01
2.765816748142242432e-01 2.520499992370605469e+01
2.775819003582000732e-01 2.432999992370605469e+01
2.785821557044982910e-01 1.654000091552734375e+01
2.795824110507965088e-01 9.058500289916992188e+00
2.805826365947723389e-01 9.978500366210937500e+00
2.815828919410705566e-01 2.169000053405761719e+01
2.825831472873687744e-01 3.047500038146972656e+01
2.835834026336669922e-01 3.252999877929687500e+01
2.845836281776428223e-01 2.447500038146972656e+01
2.855838835239410400e-01 1.695999908447265625e+01
2.865841388702392578e-01 3.334000015258789062e+01
2.875843644142150879e-01 3.479000091552734375e+01
2.885846197605133057e-01 3.329000091552734375e+01
2.895848751068115234e-01 4.891999816894531250e+01
2.905851006507873535e-01 6.225500106811523438e+01
2.915853559970855713e-01 6.018000030517578125e+01
2.925855815410614014e-01 5.395000076293945312e+01
2.935858666896820068e-01 5.545000076293945312e+01
2.945861220359802246e-01 5.268000030517578125e+01
2.955863475799560547e-01 5.711500167846679688e+01
2.965866029262542725e-01 5.258000183105468750e+01
2.975868284702301025e-01 5.246500015258789062e+01
2.985870838165283203e-01 4.820000076293945312e+01
2.995873391628265381e-01 5.015499877929687500e+01
3.005875945091247559e-01 4.361500167846679688e+01
3.015878498554229736e-01 4.727500152587890625e+01
3.025880753993988037e-01 5.068999862670898438e+01
3.035883307456970215e-01 6.445500183105468750e+01
3.045885860919952393e-01 6.254999923706054688e+01
3.055888414382934570e-01 6.167499923706054688e+01
3.065890967845916748e-01 5.770500183105468750e+01
3.075893223285675049e-01 6.384999847412109375e+01
3.085896074771881104e-01 6.350999832153320312e+01
3.095898330211639404e-01 5.164500045776367188e+01
3.105900883674621582e-01 6.481999969482421875e+01
3.115903437137603760e-01 7.563999938964843750e+01
3.125905990600585938e-01 6.808000183105468750e+01
3.135908544063568115e-01 7.258000183105468750e+01
3.145911097526550293e-01 6.881500244140625000e+01
3.155913650989532471e-01 6.568499755859375000e+01
3.165915906429290771e-01 6.560001373291015625e+01
3.175918459892272949e-01 8.025000000000000000e+01
3.185921013355255127e-01 6.903500366210937500e+01
3.195923566818237305e-01 7.386000061035156250e+01
3.205926418304443359e-01 8.348999786376953125e+01
3.215928673744201660e-01 7.259500122070312500e+01
3.225931227207183838e-01 7.144999694824218750e+01
3.235933780670166016e-01 6.862500000000000000e+01
3.245936334133148193e-01 7.895999145507812500e+01
3.255938589572906494e-01 9.098999786376953125e+01
3.265941441059112549e-01 1.015500030517578125e+02
3.275943994522094727e-01 9.883000183105468750e+01
3.285946547985076904e-01 9.521000671386718750e+01
3.295949101448059082e-01 1.100000000000000000e+02
3.305951356887817383e-01 1.053499984741210938e+02
3.315954208374023438e-01 1.001350021362304688e+02
3.325956463813781738e-01 9.906999969482421875e+01
3.335959315299987793e-01 9.548999786376953125e+01
3.345961570739746094e-01 9.938999938964843750e+01
3.355964422225952148e-01 9.775499725341796875e+01
3.365966677665710449e-01 8.396000671386718750e+01
3.375969529151916504e-01 8.736000061035156250e+01
3.385971784591674805e-01 9.560001373291015625e+01
3.395974338054656982e-01 9.944499969482421875e+01
3.405977189540863037e-01 1.043000030517578125e+02
3.415979444980621338e-01 9.584999847412109375e+01
3.425982296466827393e-01 1.030500030517578125e+02
3.435984551906585693e-01 9.870500183105468750e+01
3.445987403392791748e-01 8.269000244140625000e+01
3.455989658832550049e-01 9.734999847412109375e+01
3.465992510318756104e-01 9.607499694824218750e+01
3.475994765758514404e-01 9.351999664306640625e+01
3.485997617244720459e-01 9.314998626708984375e+01
3.495999872684478760e-01 9.243000793457031250e+01
3.506002724170684814e-01 1.087500000000000000e+02
3.516005277633666992e-01 1.016500015258789062e+02
3.526007831096649170e-01 9.424001312255859375e+01
3.536010384559631348e-01 1.071500015258789062e+02
3.546012938022613525e-01 1.150500030517578125e+02
3.556015491485595703e-01 1.084000015258789062e+02
3.566018044948577881e-01 9.426999664306640625e+01
3.576020896434783936e-01 8.259500122070312500e+01
3.586023151874542236e-01 7.211000061035156250e+01
3.596026003360748291e-01 1.030500030517578125e+02
3.606028258800506592e-01 1.005000000000000000e+02
3.616031110286712646e-01 9.119499206542968750e+01
3.626033663749694824e-01 1.035500030517578125e+02
3.636036217212677002e-01 1.034000015258789062e+02
3.646038770675659180e-01 1.050999984741210938e+02
3.656041324138641357e-01 1.196500015258789062e+02
3.666043877601623535e-01 1.279000015258789062e+02
3.676046729087829590e-01 1.225500030517578125e+02
3.686048984527587891e-01 1.143499984741210938e+02
3.696051836013793945e-01 1.275000000000000000e+02
3.706054091453552246e-01 1.185500030517578125e+02
3.716056942939758301e-01 1.220000000000000000e+02
3.726059496402740479e-01 1.096500015258789062e+02
3.736062049865722656e-01 9.574500274658203125e+01
3.746064603328704834e-01 9.368499755859375000e+01
3.756067156791687012e-01 1.103000030517578125e+02
3.766069710254669189e-01 1.128000030517578125e+02
3.776072561740875244e-01 1.330500030517578125e+02
3.786074817180633545e-01 1.375500030517578125e+02
3.796077668666839600e-01 1.107500000000000000e+02
3.806080222129821777e-01 1.245500030517578125e+02
3.816082775592803955e-01 1.118499984741210938e+02
3.826085329055786133e-01 8.194999694824218750e+01
3.836088180541992188e-01 7.109500122070312500e+01
3.846090435981750488e-01 9.931999969482421875e+01
3.856093287467956543e-01 1.045500030517578125e+02
3.866095840930938721e-01 1.043000030517578125e+02
3.876098394393920898e-01 1.039000015258789062e+02
3.886100947856903076e-01 1.019499969482421875e+02
3.896103501319885254e-01 1.214499969482421875e+02
3.906106054782867432e-01 1.289499969482421875e+02
3.916108906269073486e-01 1.387500000000000000e+02
3.926111459732055664e-01 1.056999969482421875e+02
3.936114013195037842e-01 6.045500183105468750e+01
3.946116566658020020e-01 1.063000030517578125e+02
3.956119418144226074e-01 1.360500030517578125e+02
3.966121971607208252e-01 8.840499877929687500e+01
3.976124525070190430e-01 9.587999725341796875e+01
3.986127078533172607e-01 1.576499938964843750e+02
3.996129631996154785e-01 1.722500000000000000e+02
4.006132185459136963e-01 1.741999969482421875e+02
4.016135036945343018e-01 1.811999969482421875e+02
4.026137590408325195e-01 1.825500030517578125e+02
4.036140143871307373e-01 1.749499969482421875e+02
4.046142697334289551e-01 1.738000030517578125e+02
4.056145548820495605e-01 1.731499938964843750e+02
4.066147804260253906e-01 1.651000061035156250e+02
4.076150655746459961e-01 1.688000030517578125e+02
4.086153209209442139e-01 1.799499969482421875e+02
4.096155762672424316e-01 1.776000061035156250e+02
4.106158614158630371e-01 1.503999938964843750e+02
4.116161167621612549e-01 1.821999969482421875e+02
4.126163721084594727e-01 1.793999938964843750e+02
4.136166572570800781e-01 1.760000000000000000e+02
4.146168828010559082e-01 1.741000061035156250e+02
4.156171381473541260e-01 1.738000030517578125e+02
4.166174232959747314e-01 1.846999969482421875e+02
4.176176786422729492e-01 1.668999938964843750e+02
4.186179637908935547e-01 1.688000030517578125e+02
4.196182191371917725e-01 1.705000000000000000e+02
4.206184446811676025e-01 1.761999969482421875e+02
4.216187596321105957e-01 1.801999969482421875e+02
4.226189851760864258e-01 1.586000061035156250e+02
4.236192405223846436e-01 1.715000000000000000e+02
4.246195256710052490e-01 1.771999969482421875e+02
4.256197810173034668e-01 1.698999938964843750e+02
4.266200661659240723e-01 1.701999969482421875e+02
4.276203215122222900e-01 1.573000030517578125e+02
4.286205470561981201e-01 1.591000061035156250e+02
4.296208620071411133e-01 1.478999938964843750e+02
4.306210875511169434e-01 1.138000030517578125e+02
4.316213428974151611e-01 1.690000000000000000e+02
4.326216280460357666e-01 1.650000000000000000e+02
4.336218833923339844e-01 1.735000000000000000e+02
4.346221685409545898e-01 1.673999938964843750e+02
4.356224238872528076e-01 1.726999969482421875e+02
4.366226494312286377e-01 1.933999938964843750e+02
4.376229345798492432e-01 1.811000061035156250e+02
4.386231899261474609e-01 1.571000061035156250e+02
4.396234750747680664e-01 1.830000000000000000e+02
4.406237304210662842e-01 1.716999969482421875e+02
4.416239857673645020e-01 1.936000061035156250e+02
4.426242709159851074e-01 1.985000000000000000e+02
4.436245262622833252e-01 1.913999938964843750e+02
4.446248114109039307e-01 1.978000030517578125e+02
4.456250369548797607e-01 1.826000061035156250e+02
4.466252923011779785e-01 1.896000061035156250e+02
4.476255774497985840e-01 2.081999969482421875e+02
4.486258327960968018e-01 1.978000030517578125e+02
4.496261179447174072e-01 2.031999969482421875e+02
4.506263732910156250e-01 2.148999938964843750e+02
4.516265988349914551e-01 2.113999938964843750e+02
4.526269137859344482e-01 1.946000061035156250e+02
4.536271393299102783e-01 1.975000000000000000e+02
4.546274542808532715e-01 1.983999938964843750e+02
4.556276798248291016e-01 2.038999938964843750e+02
4.566279351711273193e-01 2.081999969482421875e+02
4.576282203197479248e-01 2.105000000000000000e+02
4.586284756660461426e-01 1.976000061035156250e+02
4.596287608146667480e-01 2.013999938964843750e+02
4.606290161609649658e-01 2.045000000000000000e+02
4.616293013095855713e-01 2.060000000000000000e+02
4.626295268535614014e-01 2.108999938964843750e+02
4.636297821998596191e-01 2.045000000000000000e+02
4.646300673484802246e-01 1.981000061035156250e+02
4.656303226947784424e-01 2.046999969482421875e+02
4.666306078433990479e-01 1.926000061035156250e+02
4.676308631896972656e-01 2.020000000000000000e+02
4.686310887336730957e-01 1.998999938964843750e+02
4.696314036846160889e-01 1.995000000000000000e+02
4.706316292285919189e-01 1.881999969482421875e+02
4.716319441795349121e-01 2.023000030517578125e+02
4.726321697235107422e-01 2.046000061035156250e+02
4.736324846744537354e-01 1.996000061035156250e+02
4.746327102184295654e-01 2.056000061035156250e+02
4.756329655647277832e-01 2.021000061035156250e+02
4.766332507133483887e-01 1.961000061035156250e+02
4.776335060596466064e-01 2.080000000000000000e+02
4.786337912082672119e-01 2.013999938964843750e+02
4.796340465545654297e-01 2.081000061035156250e+02
4.806343317031860352e-01 2.040000000000000000e+02
4.816345572471618652e-01 2.095000000000000000e+02
4.826348125934600830e-01 2.028000030517578125e+02
4.836350977420806885e-01 2.023999938964843750e+02
4.846353530883789062e-01 1.973999938964843750e+02
4.856356382369995117e-01 1.835000000000000000e+02
4.866358935832977295e-01 1.628999938964843750e+02
4.876361787319183350e-01 1.835000000000000000e+02
4.886364340782165527e-01 1.918999938964843750e+02
4.896366596221923828e-01 1.965000000000000000e+02
4.906369745731353760e-01 2.011999969482421875e+02
4.916372001171112061e-01 1.901000061035156250e+02
4.926374852657318115e-01 1.901000061035156250e+02
4.936377406120300293e-01 1.893000030517578125e+02
4.946380257606506348e-01 2.063000030517578125e+02
4.956382811069488525e-01 1.931000061035156250e+02
4.966385662555694580e-01 2.021999969482421875e+02
4.976388216018676758e-01 2.023000030517578125e+02
4.986390769481658936e-01 1.871000061035156250e+02
4.996393620967864990e-01 1.975000000000000000e+02
5.006396174430847168e-01 1.861999969482421875e+02
5.016399025917053223e-01 1.816999969482421875e+02
5.026401281356811523e-01 1.898999938964843750e+02
5.036404132843017578e-01 1.938999938964843750e+02
5.046406984329223633e-01 1.873999938964843750e+02
5.056409835815429688e-01 1.998000030517578125e+02
5.066412091255187988e-01 1.966000061035156250e+02
5.076414346694946289e-01 1.911000061035156250e+02
5.086417198181152344e-01 1.923999938964843750e+02
5.096420049667358398e-01 1.921000061035156250e+02
5.106422901153564453e-01 1.951999969482421875e+02
5.116425156593322754e-01 2.001999969482421875e+02
5.126428008079528809e-01 1.871999969482421875e+02
5.136430859565734863e-01 1.866000061035156250e+02
5.146433711051940918e-01 1.878999938964843750e+02
5.156435966491699219e-01 1.905000000000000000e+02
5.166438221931457520e-01 1.673000030517578125e+02
5.176441669464111328e-01 1.730000000000000000e+02
5.186443924903869629e-01 1.658000030517578125e+02
5.196446776390075684e-01 1.833000030517578125e+02
5.206449031829833984e-01 1.836000061035156250e+02
5.216451883316040039e-01 1.911000061035156250e+02
5.226454734802246094e-01 1.828000030517578125e+02
5.236457586288452148e-01 1.898999938964843750e+02
5.246459841728210449e-01 1.963000030517578125e+02
5.256462693214416504e-01 1.935000000000000000e+02
5.266465544700622559e-01 1.678000030517578125e+02
5.276467800140380859e-01 1.833000030517578125e+02
5.286470651626586914e-01 1.901999969482421875e+02
5.296472907066345215e-01 1.923000030517578125e+02
5.306476354598999023e-01 1.956999969482421875e+02
5.316478610038757324e-01 1.968000030517578125e+02
5.326481461524963379e-01 1.775000000000000000e+02
5.336483716964721680e-01 1.928000030517578125e+02
5.346486568450927734e-01 1.863000030517578125e+02
5.356489419937133789e-01 1.995000000000000000e+02
5.366492271423339844e-01 1.876000061035156250e+02
5.376494526863098145e-01 1.886999969482421875e+02
5.386497378349304199e-01 1.908999938964843750e+02
5.396500229835510254e-01 1.836999969482421875e+02
5.406502485275268555e-01 1.773999938964843750e+02
5.416505336761474609e-01 1.886000061035156250e+02
5.426507592201232910e-01 1.830000000000000000e+02
5.436511039733886719e-01 1.883999938964843750e+02
5.446513295173645020e-01 1.883999938964843750e+02
5.456516146659851074e-01 1.906000061035156250e+02
5.466518402099609375e-01 1.883999938964843750e+02
5.476521253585815430e-01 1.838000030517578125e+02
5.486524105072021484e-01 1.868000030517578125e+02
5.496526956558227539e-01 1.900000000000000000e+02
5.506529211997985840e-01 1.866999969482421875e+02
5.516532063484191895e-01 1.876000061035156250e+02
5.526534914970397949e-01 1.851000061035156250e+02
5.536537766456604004e-01 1.886999969482421875e+02
5.546540021896362305e-01 1.903000030517578125e+02
5.556542873382568359e-01 1.901999969482421875e+02
5.566545128822326660e-01 1.826000061035156250e+02
5.576547980308532715e-01 1.851000061035156250e+02
5.586550831794738770e-01 1.791999969482421875e+02
5.596553087234497070e-01 1.813000030517578125e+02
5.606555938720703125e-01 1.848000030517578125e+02
5.616558790206909180e-01 1.828999938964843750e+02
5.626561641693115234e-01 1.855000000000000000e+02
5.636563897132873535e-01 1.866000061035156250e+02
5.646566748619079590e-01 1.858999938964843750e+02
5.656569600105285645e-01 1.803000030517578125e+02
5.666572451591491699e-01 1.833999938964843750e+02
5.676574707031250000e-01 1.891999969482421875e+02
5.686577558517456055e-01 1.815000000000000000e+02
5.696579813957214355e-01 1.865000000000000000e+02
5.706583261489868164e-01 1.773999938964843750e+02
5.716585516929626465e-01 1.828000030517578125e+02
5.726588368415832520e-01 1.896999969482421875e+02
5.736590623855590820e-01 1.881000061035156250e+02
5.746593475341796875e-01 1.871999969482421875e+02
5.756596326828002930e-01 1.835000000000000000e+02
5.766599178314208984e-01 1.851000061035156250e+02
5.776601433753967285e-01 1.861999969482421875e+02
5.786604285240173340e-01 1.788000030517578125e+02
5.796607136726379395e-01 1.833000030517578125e+02
5.806609392166137695e-01 1.843000030517578125e+02
5.816612243652343750e-01 1.858000030517578125e+02
5.826614499092102051e-01 1.878000030517578125e+02
5.836617946624755859e-01 1.861999969482421875e+02
5.846620202064514160e-01 1.865000000000000000e+02
5.856623053550720215e-01 1.788000030517578125e+02
5.866625308990478516e-01 1.835000000000000000e+02
5.876628160476684570e-01 1.853000030517578125e+02
5.886631011962890625e-01 1.753999938964843750e+02
5.896633863449096680e-01 1.616000061035156250e+02
5.906636118888854980e-01 1.818000030517578125e+02
5.916638970375061035e-01 1.791999969482421875e+02
5.926641821861267090e-01 1.813000030517578125e+02
5.936644673347473145e-01 1.801000061035156250e+02
5.946646928787231445e-01 1.778000030517578125e+02
5.956649780273437500e-01 1.786999969482421875e+02
5.966652631759643555e-01 1.810000000000000000e+02
5.976655483245849609e-01 1.785000000000000000e+02
5.986657738685607910e-01 1.761999969482421875e+02
5.996660590171813965e-01 1.778999938964843750e+02
6.006662845611572266e-01 1.750000000000000000e+02
6.016666293144226074e-01 1.755000000000000000e+02
6.026668548583984375e-01 1.723000030517578125e+02
6.036671400070190430e-01 1.791999969482421875e+02
6.046673655509948730e-01 1.781000061035156250e+02
6.056676506996154785e-01 1.768000030517578125e+02
6.066679358482360840e-01 1.763999938964843750e+02
6.076682209968566895e-01 1.761999969482421875e+02
6.086684465408325195e-01 1.746999969482421875e+02
6.096687316894531250e-01 1.748000030517578125e+02
6.106690168380737305e-01 1.706999969482421875e+02
6.116693019866943359e-01 1.750000000000000000e+02
6.126695275306701660e-01 1.708999938964843750e+02
6.136698126792907715e-01 1.686999969482421875e+02
6.146700978279113770e-01 1.716999969482421875e+02
6.156703829765319824e-01 1.716999969482421875e+02
6.166706085205078125e-01 1.613000030517578125e+02
6.176708936691284180e-01 1.711000061035156250e+02
6.186711192131042480e-01 1.728000030517578125e+02
6.196714639663696289e-01 1.711000061035156250e+02
6.206716895103454590e-01 1.738000030517578125e+02
6.216719150543212891e-01 1.693999938964843750e+02
6.226722002029418945e-01 1.716999969482421875e+02
6.236724853515625000e-01 1.670000000000000000e+02
6.246727705001831055e-01 1.660000000000000000e+02
6.256729960441589355e-01 1.636000061035156250e+02
6.266732811927795410e-01 1.701000061035156250e+02
6.276735067367553711e-01 1.701000061035156250e+02
6.286738514900207520e-01 1.701000061035156250e+02
6.296740770339965820e-01 1.681000061035156250e+02
6.311745047569274902e-01 1.643000030517578125e+02
6.331750750541687012e-01 1.655000000000000000e+02
6.351755857467651367e-01 1.660000000000000000e+02
6.371760964393615723e-01 1.658000030517578125e+02
6.391766667366027832e-01 1.655000000000000000e+02
6.411771774291992188e-01 1.618000030517578125e+02
6.431777477264404297e-01 1.625000000000000000e+02
6.451782584190368652e-01 1.631000061035156250e+02
6.471788287162780762e-01 1.606999969482421875e+02
6.491793394088745117e-01 1.561999969482421875e+02
6.511799097061157227e-01 1.610000000000000000e+02
6.531804203987121582e-01 1.603000030517578125e+02
6.551809310913085938e-01 1.536000061035156250e+02
6.571815013885498047e-01 1.388000030517578125e+02
6.591820120811462402e-01 1.553000030517578125e+02
6.611825823783874512e-01 1.575000000000000000e+02
6.631830930709838867e-01 1.558999938964843750e+02
6.651836633682250977e-01 1.563999938964843750e+02
6.671841740608215332e-01 1.538999938964843750e+02
6.691847443580627441e-01 1.550000000000000000e+02
6.711852550506591797e-01 1.520000000000000000e+02
6.731857657432556152e-01 1.525000000000000000e+02
6.751863360404968262e-01 1.513999938964843750e+02
6.771868467330932617e-01 1.511999969482421875e+02
6.791874170303344727e-01 1.501999969482421875e+02
6.811879277229309082e-01 1.496000061035156250e+02
6.831884980201721191e-01 1.483000030517578125e+02
6.851890087127685547e-01 1.458999938964843750e+02
6.871895790100097656e-01 1.471000061035156250e+02
6.891900897026062012e-01 1.465000000000000000e+02
6.911906003952026367e-01 1.451999969482421875e+02
6.931911706924438477e-01 1.451999969482421875e+02
6.951916813850402832e-01 1.440000000000000000e+02
6.971922516822814941e-01 1.420000000000000000e+02
6.991927623748779297e-01 1.428999938964843750e+02
7.011933326721191406e-01 1.390000000000000000e+02
7.031938433647155762e-01 1.391999969482421875e+02
7.051944136619567871e-01 1.418999938964843750e+02
7.071949243545532227e-01 1.403999938964843750e+02
7.091954350471496582e-01 1.388000030517578125e+02
7.111960053443908691e-01 1.388999938964843750e+02
7.131965160369873047e-01 1.376999969482421875e+02
7.151970863342285156e-01 1.370000000000000000e+02
7.171976566314697266e-01 1.356999969482421875e+02
7.191981673240661621e-01 1.331000061035156250e+02
7.211987376213073730e-01 1.333999938964843750e+02
7.231992483139038086e-01 1.351000061035156250e+02
7.251998186111450195e-01 1.353000030517578125e+02
7.272003293037414551e-01 1.348999938964843750e+02
7.292008996009826660e-01 1.321999969482421875e+02
7.312014102935791016e-01 1.328999938964843750e+02
7.332019805908203125e-01 1.321000061035156250e+02
7.352024912834167480e-01 1.311999969482421875e+02
7.372030019760131836e-01 1.310000000000000000e+02
7.392035722732543945e-01 1.281000061035156250e+02
7.412040829658508301e-01 1.260999984741210938e+02
7.432046532630920410e-01 1.288999938964843750e+02
7.452051639556884766e-01 1.281999969482421875e+02
7.472057342529296875e-01 1.286000061035156250e+02
7.492062449455261230e-01 1.273000030517578125e+02
7.512068152427673340e-01 1.265000000000000000e+02
7.532073259353637695e-01 1.261999969482421875e+02
7.552078366279602051e-01 1.258000030517578125e+02
7.572084069252014160e-01 1.250999984741210938e+02
7.592089176177978516e-01 1.243000030517578125e+02
7.612094879150390625e-01 1.240000000000000000e+02
7.632100582122802734e-01 1.244000015258789062e+02
7.652105689048767090e-01 1.224000015258789062e+02
7.672111392021179199e-01 1.188000030517578125e+02
7.692116498947143555e-01 1.205999984741210938e+02
7.712122201919555664e-01 1.206999969482421875e+02
7.732127308845520020e-01 1.210999984741210938e+02
7.752133011817932129e-01 1.190999984741210938e+02
7.772138118743896484e-01 1.199000015258789062e+02
7.792143821716308594e-01 1.190000000000000000e+02
7.812148928642272949e-01 1.190000000000000000e+02
7.832154035568237305e-01 1.179000015258789062e+02
7.852159738540649414e-01 1.183000030517578125e+02
7.872164845466613770e-01 1.180000000000000000e+02
7.892170548439025879e-01 1.176999969482421875e+02
7.912175655364990234e-01 1.160999984741210938e+02
7.932181358337402344e-01 1.145999984741210938e+02
7.952186465263366699e-01 1.136999969482421875e+02
7.972192168235778809e-01 1.155000000000000000e+02
7.992197871208190918e-01 1.138000030517578125e+02
8.012202978134155273e-01 1.145000000000000000e+02
8.032208681106567383e-01 1.131999969482421875e+02
8.052213788032531738e-01 1.118000030517578125e+02
8.072219491004943848e-01 1.123000030517578125e+02
8.092224597930908203e-01 1.098000030517578125e+02
8.112229704856872559e-01 1.116999969482421875e+02
8.132235407829284668e-01 1.118000030517578125e+02
8.152240514755249023e-01 1.110000000000000000e+02
8.172246217727661133e-01 1.106999969482421875e+02
8.192251920700073242e-01 1.065999984741210938e+02
8.212257027626037598e-01 1.083000030517578125e+02
8.232262730598449707e-01 1.075999984741210938e+02
8.252267837524414062e-01 1.078000030517578125e+02
8.272273540496826172e-01 1.079000015258789062e+02
8.292278051376342773e-01 1.075000000000000000e+02
8.312284350395202637e-01 1.070000000000000000e+02
8.332288861274719238e-01 1.035000000000000000e+02
8.352295160293579102e-01 1.054000015258789062e+02
8.372299671173095703e-01 1.053000030517578125e+02
8.392305374145507812e-01 1.043000030517578125e+02
8.412311673164367676e-01 1.045999984741210938e+02
8.432316184043884277e-01 1.029000015258789062e+02
8.452322483062744141e-01 1.034000015258789062e+02
8.472326993942260742e-01 1.025999984741210938e+02
8.492333292961120605e-01 9.719999694824218750e+01
8.512337803840637207e-01 1.004000015258789062e+02
8.532343506813049316e-01 9.739998626708984375e+01
8.552348613739013672e-01 8.780000305175781250e+01
8.572354316711425781e-01 1.011999969482421875e+02
8.592359423637390137e-01 9.980000305175781250e+01
8.612365126609802246e-01 9.980000305175781250e+01
8.632370233535766602e-01 1.000000000000000000e+02
8.652375936508178711e-01 9.709999847412109375e+01
8.672381639480590820e-01 8.810001373291015625e+01
8.692386746406555176e-01 9.680000305175781250e+01
8.702389597892761230e-01 9.600000000000000000e+01
8.722394704818725586e-01 9.530000305175781250e+01
8.742400407791137695e-01 9.559999847412109375e+01
8.762405514717102051e-01 9.580000305175781250e+01
8.782411217689514160e-01 9.340000152587890625e+01
8.802416920661926270e-01 9.350000000000000000e+01
8.822422027587890625e-01 9.230000305175781250e+01
8.842427730560302734e-01 9.369999694824218750e+01
8.862432837486267090e-01 9.219999694824218750e+01
8.882438540458679199e-01 9.240000152587890625e+01
8.902443647384643555e-01 9.200000000000000000e+01
8.922449350357055664e-01 9.109999847412109375e+01
8.942453861236572266e-01 9.140000152587890625e+01
8.962460160255432129e-01 9.190000152587890625e+01
8.982464671134948730e-01 8.940000152587890625e+01
9.002470970153808594e-01 8.890000152587890625e+01
9.022475481033325195e-01 8.909999847412109375e+01
9.042481184005737305e-01 8.809999847412109375e+01
9.062487483024597168e-01 8.809999847412109375e+01
9.082491993904113770e-01 8.540000152587890625e+01
9.102498292922973633e-01 8.650000000000000000e+01
9.122502803802490234e-01 8.730000305175781250e+01
9.142508506774902344e-01 8.650000000000000000e+01
9.162513613700866699e-01 8.600000000000000000e+01
9.182519316673278809e-01 8.609999847412109375e+01
9.202524423599243164e-01 8.350000000000000000e+01
9.222530126571655273e-01 8.280000305175781250e+01
9.242535233497619629e-01 8.340000152587890625e+01
9.262540936470031738e-01 8.390000152587890625e+01
9.282546639442443848e-01 8.450000000000000000e+01
9.302551746368408203e-01 8.400000000000000000e+01
9.322557449340820312e-01 8.480000305175781250e+01
9.342562556266784668e-01 8.350000000000000000e+01
9.362568259239196777e-01 8.200000000000000000e+01
9.382573366165161133e-01 8.280000305175781250e+01
9.402579069137573242e-01 8.209999847412109375e+01
9.422584176063537598e-01 8.059999847412109375e+01
9.442589879035949707e-01 8.219999694824218750e+01
9.462594985961914062e-01 8.169999694824218750e+01
9.482600688934326172e-01 8.009999847412109375e+01
9.502606391906738281e-01 8.030000305175781250e+01
9.522611498832702637e-01 7.959999847412109375e+01
9.542617201805114746e-01 7.850000000000000000e+01
9.562622308731079102e-01 7.990000152587890625e+01
9.582628011703491211e-01 7.959999847412109375e+01
9.602632522583007812e-01 7.880000305175781250e+01
9.622638821601867676e-01 7.838935089111328125e+01
9.642643332481384277e-01 7.817941284179687500e+01
9.662649631500244141e-01 7.717265319824218750e+01
9.682654142379760742e-01 7.762555694580078125e+01
9.702660441398620605e-01 7.720777893066406250e+01
9.722666144371032715e-01 7.764972686767578125e+01
9.742670655250549316e-01 7.586094665527343750e+01
9.762676954269409180e-01 7.649548339843750000e+01
9.782681465148925781e-01 7.606363677978515625e+01
9.802687764167785645e-01 7.568952941894531250e+01
9.822692275047302246e-01 7.596312713623046875e+01
9.842697978019714355e-01 7.536926269531250000e+01
9.862703084945678711e-01 7.500386810302734375e+01
9.882708787918090820e-01 7.473538208007812500e+01
9.902715086936950684e-01 7.363179016113281250e+01
9.922719597816467285e-01 7.430486297607421875e+01
9.942725300788879395e-01 7.420057678222656250e+01
9.962730407714843750e-01 7.379315185546875000e+01
9.982736110687255859e-01 7.357116699218750000e+01
1.000274062156677246e+00 7.323773193359375000e+01
1.002274751663208008e+00 7.300727844238281250e+01
1.004275202751159668e+00 7.138765716552734375e+01
1.006275773048400879e+00 6.899416351318359375e+01
1.008276224136352539e+00 7.187686920166015625e+01
1.010276913642883301e+00 7.176548767089843750e+01
1.012277483940124512e+00 7.137299346923828125e+01
1.014277935028076172e+00 7.070594787597656250e+01
1.016278505325317383e+00 7.012577819824218750e+01
1.018278956413269043e+00 6.987606811523437500e+01
1.020279645919799805e+00 6.950995635986328125e+01
1.022280097007751465e+00 6.916306304931640625e+01
1.024280667304992676e+00 6.981610107421875000e+01
1.026281118392944336e+00 6.954940795898437500e+01
1.028281688690185547e+00 6.945960998535156250e+01
1.030282378196716309e+00 6.842381286621093750e+01
1.032282829284667969e+00 6.863899230957031250e+01
1.034283399581909180e+00 6.683367919921875000e+01
1.036283850669860840e+00 6.794361114501953125e+01
1.038284420967102051e+00 6.694673156738281250e+01
1.040284991264343262e+00 6.683846282958984375e+01
1.042285561561584473e+00 6.682946014404296875e+01
1.044286012649536133e+00 6.702232360839843750e+01
1.046286582946777344e+00 6.549031066894531250e+01
1.048287153244018555e+00 6.592070770263671875e+01
1.050287723541259766e+00 6.603578948974609375e+01
1.052288293838500977e+00 6.572431945800781250e+01
1.054288744926452637e+00 6.511802673339843750e+01
1.056289315223693848e+00 6.539733886718750000e+01
1.058289885520935059e+00 6.370441055297851562e+01
1.060290455818176270e+00 6.385567092895507812e+01
1.062290906906127930e+00 6.445622253417968750e+01
1.064291477203369141e+00 6.376211166381835938e+01
1.066292047500610352e+00 6.309300994873046875e+01
1.068292617797851562e+00 6.250492858886718750e+01
1.070293188095092773e+00 6.149423980712890625e+01
1.072293639183044434e+00 6.241352081298828125e+01
1.074294209480285645e+00 6.149777984619140625e+01
1.076294779777526855e+00 6.142462921142578125e+01
1.078295350074768066e+00 6.101913070678710938e+01
1.080295801162719727e+00 6.205273056030273438e+01
1.082296371459960938e+00 5.918495941162109375e+01
1.084296941757202148e+00 5.999493026733398438e+01
1.086297512054443359e+00 6.108934020996093750e+01
1.088298082351684570e+00 5.811977005004882812e+01
1.090298533439636230e+00 6.028704071044921875e+01
1.092299103736877441e+00 5.963124084472656250e+01
1.094299554824829102e+00 5.591788864135742188e+01
1.096300244331359863e+00 5.740626907348632812e+01
1.098300695419311523e+00 5.728665924072265625e+01
1.100301265716552734e+00 5.866410064697265625e+01
1.102301836013793945e+00 5.737828826904296875e+01
1.104302287101745605e+00 5.803477859497070312e+01
1.106302976608276367e+00 5.794182968139648438e+01
1.108303427696228027e+00 5.765679168701171875e+01
1.110303997993469238e+00 5.764046096801757812e+01
1.112304449081420898e+00 5.680030822753906250e+01
1.114305019378662109e+00 5.686175918579101562e+01
1.116305589675903320e+00 5.693167114257812500e+01
1.118306159973144531e+00 5.669741821289062500e+01
1.120306730270385742e+00 5.552505111694335938e+01
1.122307181358337402e+00 5.643431091308593750e+01
1.124307870864868164e+00 5.609680175781250000e+01
1.126308321952819824e+00 5.465652084350585938e+01
1.128308892250061035e+00 5.541207885742187500e+01
1.130309343338012695e+00 5.457809066772460938e+01
1.132309913635253906e+00 5.491460037231445312e+01
1.134310483932495117e+00 5.453310012817382812e+01
1.136311054229736328e+00 5.492914962768554688e+01
1.138311624526977539e+00 5.372719955444335938e+01
1.140312075614929199e+00 5.325865936279296875e+01
1.142312645912170410e+00 5.349507141113281250e+01
1.144313216209411621e+00 5.343017959594726562e+01
1.146313786506652832e+00 5.413747024536132812e+01
1.148314237594604492e+00 5.371170043945312500e+01
1.150314807891845703e+00 5.354111099243164062e+01
1.152315378189086914e+00 5.323780059814453125e+01
1.154315948486328125e+00 5.344589996337890625e+01
1.156316518783569336e+00 5.295668029785156250e+01
1.158316969871520996e+00 5.285517883300781250e+01
1.160317540168762207e+00 5.166225051879882812e+01
1.162318110466003418e+00 5.098537063598632812e+01
1.164318680763244629e+00 5.150770950317382812e+01
1.166319131851196289e+00 5.149890136718750000e+01
1.168319702148437500e+00 5.169551849365234375e+01
1.170320272445678711e+00 5.084181976318359375e+01
1.172320842742919922e+00 5.155614089965820312e+01
1.174321413040161133e+00 5.148318099975585938e+01
1.176321864128112793e+00 5.005136871337890625e+01
1.178322434425354004e+00 4.975910949707031250e+01
1.180323004722595215e+00 5.097069931030273438e+01
1.182323575019836426e+00 5.024544143676757812e+01
1.184324026107788086e+00 4.855664062500000000e+01
1.186324596405029297e+00 5.007569885253906250e+01
1.188325166702270508e+00 4.838156890869140625e+01
1.190325736999511719e+00 4.932461929321289062e+01
1.192326307296752930e+00 4.974626159667968750e+01
1.194326758384704590e+00 4.966247940063476562e+01
1.196327328681945801e+00 4.890552139282226562e+01
1.198327779769897461e+00 4.668336105346679688e+01
1.200328469276428223e+00 4.797074127197265625e+01
1.202328920364379883e+00 4.890864181518554688e+01
1.204329490661621094e+00 4.693597030639648438e+01
1.206330060958862305e+00 4.836389923095703125e+01
1.208330512046813965e+00 4.613803863525390625e+01
1.210331201553344727e+00 4.716687011718750000e+01
1.212331652641296387e+00 4.768590164184570312e+01
1.214332222938537598e+00 4.775809097290039062e+01
1.216332674026489258e+00 4.775606918334960938e+01
1.218333244323730469e+00 4.745394897460937500e+01
1.220333814620971680e+00 4.721936035156250000e+01
1.222334384918212891e+00 4.708216094970703125e+01
1.224334955215454102e+00 4.683694839477539062e+01
1.226335406303405762e+00 4.675682067871093750e+01
1.228335976600646973e+00 4.600920104980468750e+01
1.230336546897888184e+00 4.642211914062500000e+01
1.232337117195129395e+00 4.605794906616210938e+01
1.234337568283081055e+00 4.598770141601562500e+01
1.236338138580322266e+00 4.591085052490234375e+01
1.238338828086853027e+00 4.592177963256835938e+01
1.240339279174804688e+00 4.523551940917968750e+01
1.242339849472045898e+00 4.511307144165039062e+01
1.244340300559997559e+00 4.490644073486328125e+01
1.246340870857238770e+00 4.501887893676757812e+01
1.248341441154479980e+00 4.492472076416015625e+01
1.250342011451721191e+00 4.491299057006835938e+01
1.252342462539672852e+00 4.421992874145507812e+01
1.254343032836914062e+00 4.439183044433593750e+01
1.256343603134155273e+00 4.409854888916015625e+01
1.258344173431396484e+00 4.393693923950195312e+01
1.260344743728637695e+00 4.394984054565429688e+01
1.262345194816589355e+00 4.361957931518554688e+01
1.264345765113830566e+00 4.348155975341796875e+01
1.266346335411071777e+00 4.332548141479492188e+01
1.268346905708312988e+00 4.265121841430664062e+01
1.270347476005554199e+00 4.329648971557617188e+01
1.272347927093505859e+00 4.312049865722656250e+01
1.274348497390747070e+00 4.270111846923828125e+01
1.276349067687988281e+00 4.285569000244140625e+01
1.278349637985229492e+00 4.260778045654296875e+01
1.280350089073181152e+00 4.191643142700195312e+01
1.282350659370422363e+00 3.754504013061523438e+01
1.284351229667663574e+00 4.110097122192382812e+01
1.286351799964904785e+00 4.155606842041015625e+01
1.288352370262145996e+00 4.162078094482421875e+01
1.290352821350097656e+00 4.119453048706054688e+01
1.292353391647338867e+00 4.147491073608398438e+01
1.294353961944580078e+00 4.117267990112304688e+01
1.296354532241821289e+00 4.138526153564453125e+01
1.298354983329772949e+00 4.089680099487304688e+01
1.300355553627014160e+00 4.107743072509765625e+01
1.302356123924255371e+00 4.056111145019531250e+01
1.304356694221496582e+00 4.027732849121093750e+01
1.306357264518737793e+00 4.057839965820312500e+01
1.308357715606689453e+00 4.040097045898437500e+01
1.310358285903930664e+00 4.022858810424804688e+01
1.312358736991882324e+00 3.924431991577148438e+01
1.314359426498413086e+00 3.996184158325195312e+01
1.316359996795654297e+00 3.872156143188476562e+01
1.318360447883605957e+00 3.954685974121093750e+01
1.320361018180847168e+00 3.965904998779296875e+01
1.322361469268798828e+00 3.935504913330078125e+01
1.324362158775329590e+00 3.939804077148437500e+01
1.326362609863281250e+00 3.902624893188476562e+01
1.328363180160522461e+00 3.890589904785156250e+01
1.330363631248474121e+00 3.813821029663085938e+01
1.332364201545715332e+00 3.817301940917968750e+01
1.334364891052246094e+00 3.881599044799804688e+01
1.336365342140197754e+00 3.851889038085937500e+01
1.338365912437438965e+00 3.828052902221679688e+01
1.340366363525390625e+00 3.776020050048828125e+01
1.342366933822631836e+00 3.807667160034179688e+01
1.344367504119873047e+00 3.807141113281250000e+01
1.346368074417114258e+00 3.779042053222656250e+01
1.348368644714355469e+00 3.786344909667968750e+01
1.350369095802307129e+00 3.723928070068359375e+01
1.352369785308837891e+00 3.756161117553710938e+01
1.354370236396789551e+00 3.740583038330078125e+01
1.356370806694030762e+00 3.637253952026367188e+01
1.358371257781982422e+00 3.708288955688476562e+01
1.360371828079223633e+00 3.656011962890625000e+01
1.362372517585754395e+00 3.680767059326171875e+01
1.364372968673706055e+00 3.634309005737304688e+01
1.366373538970947266e+00 3.661497879028320312e+01
1.368373990058898926e+00 3.605030059814453125e+01
1.370374560356140137e+00 3.585577011108398438e+01
1.372375130653381348e+00 3.614876937866210938e+01
1.374375700950622559e+00 3.594990158081054688e+01
1.376376152038574219e+00 3.547024154663085938e+01
1.378376722335815430e+00 3.584024810791015625e+01
1.380377292633056641e+00 3.576660919189453125e+01
1.382377862930297852e+00 3.534777069091796875e+01
1.384378433227539062e+00 3.558649063110351562e+01
1.386378884315490723e+00 3.514371871948242188e+01
1.388379454612731934e+00 3.535803985595703125e+01
1.390380024909973145e+00 3.502037811279296875e+01
1.392380595207214355e+00 3.514186096191406250e+01
1.394381165504455566e+00 3.490345001220703125e+01
1.396381616592407227e+00 3.473062896728515625e+01
1.398382186889648438e+00 3.488447189331054688e+01
1.400382757186889648e+00 3.411927032470703125e+01
1.402383327484130859e+00 3.423630142211914062e+01
1.404383778572082520e+00 3.400965118408203125e+01
1.406384348869323730e+00 3.398757934570312500e+01
1.408384919166564941e+00 3.404776000976562500e+01
1.410385489463806152e+00 3.402320861816406250e+01
1.412386059761047363e+00 3.315822982788085938e+01
1.414386510848999023e+00 3.326282119750976562e+01
1.416387081146240234e+00 3.352830886840820312e+01
1.418387651443481445e+00 3.348542022705078125e+01
1.420388221740722656e+00 3.316839981079101562e+01
1.422388672828674316e+00 3.238137054443359375e+01
1.424389243125915527e+00 3.278812026977539062e+01
1.426389813423156738e+00 3.221186065673828125e+01
1.428390383720397949e+00 3.214038848876953125e+01
1.430390954017639160e+00 3.228979873657226562e+01
1.432391405105590820e+00 3.243576049804687500e+01
1.434391975402832031e+00 3.234524917602539062e+01
1.436392426490783691e+00 3.244546890258789062e+01
1.438393115997314453e+00 3.249826049804687500e+01
1.440393686294555664e+00 3.106197929382324219e+01
1.442394137382507324e+00 3.163612937927246094e+01
1.444394707679748535e+00 3.134056091308593750e+01
1.446395158767700195e+00 3.192845916748046875e+01
1.448395848274230957e+00 3.165925025939941406e+01
1.450396299362182617e+00 3.141031074523925781e+01
1.452396869659423828e+00 3.098067092895507812e+01
1.454397439956665039e+00 3.097409057617187500e+01
1.456397891044616699e+00 3.084511947631835938e+01
1.458398580551147461e+00 3.136523056030273438e+01
1.460399031639099121e+00 3.114463043212890625e+01
1.462399601936340332e+00 3.077849006652832031e+01
1.464400053024291992e+00 3.073576927185058594e+01
1.466400742530822754e+00 3.054582023620605469e+01
1.468401312828063965e+00 3.062928962707519531e+01
1.470401763916015625e+00 3.041102027893066406e+01
1.472402334213256836e+00 3.023772048950195312e+01
1.474402785301208496e+00 2.975864982604980469e+01
1.476403474807739258e+00 2.981258010864257812e+01
1.478403925895690918e+00 2.958572959899902344e+01
1.480404496192932129e+00 3.017402076721191406e+01
1.482405066490173340e+00 2.993131065368652344e+01
1.484405517578125000e+00 2.949227905273437500e+01
1.486406207084655762e+00 2.977269935607910156e+01
1.488406658172607422e+00 2.747193908691406250e+01
1.490407228469848633e+00 2.979812049865722656e+01
1.492407679557800293e+00 2.958411026000976562e+01
1.494408249855041504e+00 2.979184913635253906e+01
1.496408939361572266e+00 2.889440917968750000e+01
1.498409390449523926e+00 2.929504013061523438e+01
1.500409960746765137e+00 2.924604988098144531e+01
1.502410411834716797e+00 2.805220985412597656e+01
1.504410982131958008e+00 2.762425994873046875e+01
1.506411552429199219e+00 2.735257911682128906e+01
1.508412122726440430e+00 2.827812004089355469e+01
1.510412573814392090e+00 2.905570030212402344e+01
1.512413144111633301e+00 2.850322914123535156e+01
1.514413714408874512e+00 2.827753067016601562e+01
1.516414284706115723e+00 2.841337013244628906e+01
1.518414855003356934e+00 2.849428939819335938e+01
1.520415306091308594e+00 2.838928031921386719e+01
1.522415876388549805e+00 2.762458038330078125e+01
1.524416446685791016e+00 2.782542991638183594e+01
1.526417016983032227e+00 2.821599960327148438e+01
1.528417587280273438e+00 2.826659965515136719e+01
1.530418038368225098e+00 2.709387016296386719e+01
1.532418608665466309e+00 2.796977996826171875e+01
1.534419178962707520e+00 2.744101905822753906e+01
1.536419749259948730e+00 2.781924057006835938e+01
1.538420200347900391e+00 2.749386024475097656e+01
1.540420770645141602e+00 2.693670082092285156e+01
1.542421340942382812e+00 2.719388961791992188e+01
1.544421911239624023e+00 2.757859039306640625e+01
1.546422481536865234e+00 2.752529907226562500e+01
1.548422932624816895e+00 2.675848960876464844e+01
1.550423502922058105e+00 2.669592094421386719e+01
1.552424073219299316e+00 2.705480003356933594e+01
1.554424643516540527e+00 2.620844078063964844e+01
1.556425213813781738e+00 2.642358016967773438e+01
1.558425664901733398e+00 2.652552986145019531e+01
1.560426235198974609e+00 2.643601989746093750e+01
1.562426805496215820e+00 2.660296058654785156e+01
1.564427375793457031e+00 2.629231071472167969e+01
1.566427826881408691e+00 2.590353012084960938e+01
1.568428397178649902e+00 2.577527999877929688e+01
1.570428967475891113e+00 2.590608024597167969e+01
1.572429537773132324e+00 2.604037094116210938e+01
1.574430108070373535e+00 2.548630905151367188e+01
1.576430559158325195e+00 2.461243057250976562e+01
1.578431129455566406e+00 2.430617904663085938e+01
1.580431699752807617e+00 2.576791954040527344e+01
1.582432270050048828e+00 2.482822990417480469e+01
1.584432840347290039e+00 2.517383003234863281e+01
1.586433291435241699e+00 2.524548912048339844e+01
1.588433861732482910e+00 2.414086914062500000e+01
1.590434432029724121e+00 2.298329925537109375e+01
1.592435002326965332e+00 2.450473976135253906e+01
1.594435453414916992e+00 2.527754974365234375e+01
1.596436023712158203e+00 2.424809074401855469e+01
1.598436594009399414e+00 2.524292945861816406e+01
1.600437164306640625e+00 2.449354934692382812e+01
1.602437734603881836e+00 2.453082084655761719e+01
1.604438185691833496e+00 2.449345016479492188e+01
1.606438755989074707e+00 2.435153961181640625e+01
1.608439207077026367e+00 2.457504081726074219e+01
1.610439896583557129e+00 2.339075088500976562e+01
1.612440466880798340e+00 2.393041038513183594e+01
1.614440917968750000e+00 2.419426918029785156e+01
1.616441488265991211e+00 2.302428054809570312e+01
1.618441939353942871e+00 2.416216087341308594e+01
1.620442628860473633e+00 2.322344017028808594e+01
1.622443079948425293e+00 2.369786071777343750e+01
1.624443650245666504e+00 2.400486946105957031e+01
1.626444220542907715e+00 2.390774917602539062e+01
1.628444671630859375e+00 2.411528968811035156e+01
1.630445361137390137e+00 2.372707939147949219e+01
1.632445812225341797e+00 2.360983085632324219e+01
1.634446382522583008e+00 2.332996940612792969e+01
1.636446833610534668e+00 2.304030990600585938e+01
1.638447403907775879e+00 2.236790084838867188e+01
1.640448093414306641e+00 2.229219055175781250e+01
1.642448663711547852e+00 2.224225044250488281e+01
1.644448995590209961e+00 2.220369911193847656e+01
1.646449565887451172e+00 2.279022026062011719e+01
1.648450136184692383e+00 2.282176017761230469e+01
1.650450825691223145e+00 2.236142921447753906e+01
1.652451157569885254e+00 2.241337013244628906e+01
1.654451727867126465e+00 2.261166000366210938e+01
1.656452298164367676e+00 2.258381080627441406e+01
1.658452987670898438e+00 2.256390953063964844e+01
1.660453557968139648e+00 2.232018089294433594e+01
1.662453889846801758e+00 2.239261054992675781e+01
1.664454460144042969e+00 2.224246978759765625e+01
1.666455030441284180e+00 2.189748001098632812e+01
1.668455719947814941e+00 2.157674980163574219e+01
1.670456290245056152e+00 2.210651969909667969e+01
1.672456622123718262e+00 2.120467948913574219e+01
1.674457192420959473e+00 2.168461036682128906e+01
1.676457762718200684e+00 2.097662925720214844e+01
1.678458452224731445e+00 2.129293060302734375e+01
1.680458784103393555e+00 2.032037925720214844e+01
1.682459354400634766e+00 1.997562980651855469e+01
1.684459924697875977e+00 2.090660095214843750e+01
1.686460494995117188e+00 2.098456954956054688e+01
1.688461184501647949e+00 2.095402908325195312e+01
1.690461516380310059e+00 2.076684951782226562e+01
1.692462086677551270e+00 2.110331916809082031e+01
1.694462656974792480e+00 2.096776962280273438e+01
1.696463227272033691e+00 2.089480972290039062e+01
1.698463916778564453e+00 2.080706977844238281e+01
1.700464248657226562e+00 2.046495056152343750e+01
1.702464818954467773e+00 2.030180931091308594e+01
1.704465389251708984e+00 2.033200073242187500e+01
1.706465959548950195e+00 2.036527061462402344e+01
1.708466410636901855e+00 2.001926994323730469e+01
1.710466980934143066e+00 2.015283966064453125e+01
1.712467551231384277e+00 1.934646034240722656e+01
1.714468121528625488e+00 2.021582031250000000e+01
1.716468691825866699e+00 1.999264907836914062e+01
1.718469142913818359e+00 1.991436004638671875e+01
1.720469713211059570e+00 1.961533927917480469e+01
1.722470283508300781e+00 1.959919929504394531e+01
1.724470853805541992e+00 1.894848060607910156e+01
1.726471543312072754e+00 1.935390090942382812e+01
1.728471875190734863e+00 1.926221084594726562e+01
1.730472445487976074e+00 1.936758041381835938e+01
1.732473015785217285e+00 1.898431968688964844e+01
1.734473586082458496e+00 1.802545928955078125e+01
1.736474037170410156e+00 1.756531906127929688e+01
1.738474607467651367e+00 1.817317962646484375e+01
1.740475177764892578e+00 1.867223930358886719e+01
1.742475748062133789e+00 1.850148963928222656e+01
1.744476318359375000e+00 1.879701042175292969e+01
1.746476769447326660e+00 1.841127014160156250e+01
1.748477339744567871e+00 1.833333015441894531e+01
1.750477910041809082e+00 1.837571907043457031e+01
1.752478480339050293e+00 1.828273010253906250e+01
1.754479050636291504e+00 1.847821998596191406e+01
1.756479501724243164e+00 1.838674926757812500e+01
1.758480072021484375e+00 1.834938049316406250e+01
1.760480642318725586e+00 1.828352928161621094e+01
1.762481212615966797e+00 1.776292037963867188e+01
1.764481663703918457e+00 1.804509925842285156e+01
1.766482234001159668e+00 1.815909004211425781e+01
1.768482804298400879e+00 1.796121978759765625e+01
1.770483374595642090e+00 1.781196022033691406e+01
1.772483944892883301e+00 1.788788032531738281e+01
1.774484395980834961e+00 1.787955093383789062e+01
1.776484966278076172e+00 1.753154945373535156e+01
1.778485536575317383e+00 1.740695953369140625e+01
1.780486106872558594e+00 1.743294906616210938e+01
1.782486677169799805e+00 1.737401008605957031e+01
1.784487128257751465e+00 1.734926033020019531e+01
1.786487698554992676e+00 1.725292015075683594e+01
1.788488268852233887e+00 1.744277954101562500e+01
1.790488839149475098e+00 1.727395057678222656e+01
1.792489409446716309e+00 1.713978958129882812e+01
1.794489860534667969e+00 1.699321937561035156e+01
1.796490430831909180e+00 1.698122978210449219e+01
1.798491001129150391e+00 1.694734954833984375e+01
1.800491571426391602e+00 1.686091041564941406e+01
1.802492022514343262e+00 1.654754066467285156e+01
1.804492592811584473e+00 1.675906944274902344e+01
1.806493163108825684e+00 1.664920043945312500e+01
1.808493733406066895e+00 1.662420082092285156e+01
1.810494303703308105e+00 1.659096908569335938e+01
1.812494754791259766e+00 1.640900039672851562e+01
1.814495325088500977e+00 1.622127914428710938e+01
1.816495895385742188e+00 1.578326988220214844e+01
1.818496465682983398e+00 1.464521026611328125e+01
1.820497035980224609e+00 1.567584991455078125e+01
1.822497487068176270e+00 1.554718971252441406e+01
1.824498057365417480e+00 1.603128051757812500e+01
1.826498627662658691e+00 1.602260971069335938e+01
1.828499197959899902e+00 1.580350017547607422e+01
1.830499649047851562e+00 1.594157981872558594e+01
1.832500219345092773e+00 1.579656982421875000e+01
1.834500789642333984e+00 1.570635032653808594e+01
1.836501359939575195e+00 1.569997024536132812e+01
1.838501930236816406e+00 1.549631977081298828e+01
1.840502381324768066e+00 1.552237033843994141e+01
1.842502951622009277e+00 1.521681022644042969e+01
1.844503521919250488e+00 1.534255027770996094e+01
1.846504092216491699e+00 1.544264984130859375e+01
1.848504662513732910e+00 1.480401039123535156e+01
1.850505113601684570e+00 1.538883972167968750e+01
1.852505683898925781e+00 1.526702976226806641e+01
1.854506254196166992e+00 1.514105987548828125e+01
1.856506824493408203e+00 1.488494968414306641e+01
1.858507275581359863e+00 1.506939983367919922e+01
1.860507845878601074e+00 1.480303001403808594e+01
1.862508416175842285e+00 1.468327045440673828e+01
1.864508986473083496e+00 1.474499034881591797e+01
1.866509556770324707e+00 1.449713039398193359e+01
1.868510007858276367e+00 1.449505043029785156e+01
1.870510578155517578e+00 1.462574005126953125e+01
1.872511148452758789e+00 1.414955043792724609e+01
1.874511718750000000e+00 1.374512004852294922e+01
1.876512289047241211e+00 1.196891021728515625e+01
1.878512740135192871e+00 1.398346042633056641e+01
1.880513310432434082e+00 1.410984992980957031e+01
1.882513880729675293e+00 1.429771041870117188e+01
1.884514451026916504e+00 1.421770954132080078e+01
1.886514902114868164e+00 1.393367958068847656e+01
1.888515472412109375e+00 1.422622966766357422e+01
1.890516042709350586e+00 1.383874034881591797e+01
1.892516613006591797e+00 1.378415012359619141e+01
1.894517183303833008e+00 1.361408042907714844e+01
1.896517634391784668e+00 1.333275985717773438e+01
1.898518204689025879e+00 1.378929996490478516e+01
1.900518774986267090e+00 1.368153953552246094e+01
1.902519345283508301e+00 1.397655010223388672e+01
1.904519915580749512e+00 1.367329978942871094e+01
1.906520366668701172e+00 1.373056983947753906e+01
1.908520936965942383e+00 1.361219024658203125e+01
1.910521507263183594e+00 1.370530986785888672e+01
1.912522077560424805e+00 1.338304996490478516e+01
1.914522647857666016e+00 1.363212013244628906e+01
1.916523098945617676e+00 1.350298976898193359e+01
1.918523669242858887e+00 1.342936992645263672e+01
1.920524239540100098e+00 1.318848037719726562e+01
1.922524809837341309e+00 1.342671966552734375e+01
1.924525141716003418e+00 1.322074985504150391e+01
1.926525831222534180e+00 1.330484008789062500e+01
1.928526401519775391e+00 1.295676994323730469e+01
1.930526971817016602e+00 1.292475986480712891e+01
1.932527542114257812e+00 1.275961017608642578e+01
1.934527873992919922e+00 1.295571994781494141e+01
1.936528563499450684e+00 1.292362022399902344e+01
1.938529133796691895e+00 1.296899032592773438e+01
1.940529704093933105e+00 1.252834987640380859e+01
1.942530274391174316e+00 1.267815017700195312e+01
1.944530606269836426e+00 1.158812046051025391e+01
1.946531295776367188e+00 1.142763042449951172e+01
1.948531866073608398e+00 1.244211006164550781e+01
1.950532436370849609e+00 1.242224025726318359e+01
1.952532768249511719e+00 1.204992961883544922e+01
1.954533457756042480e+00 1.265135002136230469e+01
1.956534028053283691e+00 1.257588958740234375e+01
1.958534598350524902e+00 1.254512977600097656e+01
1.960535168647766113e+00 1.244295978546142578e+01
1.962535500526428223e+00 1.233316993713378906e+01
1.964536190032958984e+00 1.195497035980224609e+01
1.966536760330200195e+00 1.214671993255615234e+01
1.968537330627441406e+00 1.236308002471923828e+01
1.970537900924682617e+00 1.224656009674072266e+01
1.972538232803344727e+00 1.185525989532470703e+01
1.974538922309875488e+00 1.204992961883544922e+01
1.976539492607116699e+00 1.213261985778808594e+01
1.978540062904357910e+00 1.176033973693847656e+01
1.980540394783020020e+00 1.186417961120605469e+01
1.982540965080261230e+00 1.187267017364501953e+01
1.984541654586791992e+00 1.186375999450683594e+01
1.986542224884033203e+00 1.150386047363281250e+01
1.988542795181274414e+00 1.193550014495849609e+01
1.990543127059936523e+00 1.189406967163085938e+01
1.992543697357177734e+00 1.170872974395751953e+01
1.994544386863708496e+00 1.147821044921875000e+01
1.996544957160949707e+00 1.164288997650146484e+01
1.998545527458190918e+00 1.151369953155517578e+01
2.000545978546142578e+00 1.166102981567382812e+01
2.002546548843383789e+00 1.152914047241210938e+01
2.004547119140625000e+00 1.144188022613525391e+01
2.006547689437866211e+00 1.140563964843750000e+01
2.008548259735107422e+00 1.151558971405029297e+01
2.010548591613769531e+00 1.146022987365722656e+01
2.012549161911010742e+00 1.140273952484130859e+01
2.014549732208251953e+00 1.132120037078857422e+01
2.016550302505493164e+00 1.133862972259521484e+01
2.018550872802734375e+00 1.130130958557128906e+01
2.020551443099975586e+00 1.113774967193603516e+01
2.022552013397216797e+00 1.092578983306884766e+01
2.024552583694458008e+00 1.109179973602294922e+01
2.026553153991699219e+00 1.109414958953857422e+01
2.028553485870361328e+00 1.100269031524658203e+01
2.030554056167602539e+00 1.074219989776611328e+01
2.032554626464843750e+00 1.100636005401611328e+01
2.034555196762084961e+00 1.083804035186767578e+01
2.036555767059326172e+00 1.082161998748779297e+01
2.038556337356567383e+00 1.052871036529541016e+01
2.040556907653808594e+00 1.083909034729003906e+01
2.042557477951049805e+00 1.074892044067382812e+01
2.044558048248291016e+00 1.078316974639892578e+01
2.046558380126953125e+00 1.075222015380859375e+01
2.048558950424194336e+00 1.065721988677978516e+01
2.050559520721435547e+00 1.063918972015380859e+01
2.052560091018676758e+00 1.049701023101806641e+01
2.054560661315917969e+00 1.053586006164550781e+01
2.056561231613159180e+00 1.053483963012695312e+01
2.058561801910400391e+00 1.046679019927978516e+01
2.060562372207641602e+00 1.025893020629882812e+01
2.062562942504882812e+00 1.044972991943359375e+01
2.064563512802124023e+00 1.002420043945312500e+01
2.066563844680786133e+00 1.037199020385742188e+01
2.068564414978027344e+00 1.029255962371826172e+01
2.070564985275268555e+00 1.009162044525146484e+01
2.072565555572509766e+00 1.017949962615966797e+01
2.074566125869750977e+00 1.023138999938964844e+01
2.076566696166992188e+00 1.019194030761718750e+01
2.078567266464233398e+00 1.016394042968750000e+01
2.080567836761474609e+00 9.932424545288085938e+00
2.082568407058715820e+00 1.004796028137207031e+01
2.084568738937377930e+00 9.855086326599121094e+00
2.086569309234619141e+00 1.000508022308349609e+01
2.088569879531860352e+00 9.963475227355957031e+00
2.090570449829101562e+00 9.947033882141113281e+00
2.092571020126342773e+00 9.618074417114257812e+00
2.094571590423583984e+00 9.710592269897460938e+00
2.096572160720825195e+00 9.670780181884765625e+00
2.098572731018066406e+00 9.733356475830078125e+00
2.100573301315307617e+00 9.725115776062011719e+00
2.102573871612548828e+00 9.687521934509277344e+00
2.104574203491210938e+00 9.699466705322265625e+00
2.106574773788452148e+00 9.700283050537109375e+00
2.108575344085693359e+00 9.643069267272949219e+00
2.110575914382934570e+00 9.458071708679199219e+00
2.112576484680175781e+00 9.570342063903808594e+00
2.114577054977416992e+00 9.523366928100585938e+00
2.116577625274658203e+00 9.343638420104980469e+00
2.118578195571899414e+00 9.449934005737304688e+00
2.120578765869140625e+00 9.333051681518554688e+00
2.122579097747802734e+00 9.358583450317382812e+00
2.124579668045043945e+00 9.201120376586914062e+00
2.126580238342285156e+00 9.257521629333496094e+00
2.128580808639526367e+00 9.310640335083007812e+00
2.130581378936767578e+00 9.253056526184082031e+00
2.132581949234008789e+00 9.265181541442871094e+00
2.134582519531250000e+00 9.221926689147949219e+00
2.136583089828491211e+00 9.016719818115234375e+00
2.138583660125732422e+00 9.172521591186523438e+00
2.140583992004394531e+00 9.116041183471679688e+00
2.142584562301635742e+00 9.099525451660156250e+00
2.144585132598876953e+00 9.029050827026367188e+00
2.146585702896118164e+00 8.947999000549316406e+00
2.148586273193359375e+00 9.008625984191894531e+00
2.150586605072021484e+00 8.973722457885742188e+00
2.152587413787841797e+00 8.902677536010742188e+00
2.154587984085083008e+00 8.878581047058105469e+00
2.156588554382324219e+00 8.866478919982910156e+00
2.158589124679565430e+00 8.833585739135742188e+00
2.160589456558227539e+00 8.753266334533691406e+00
2.162590026855468750e+00 8.655013084411621094e+00
2.164590597152709961e+00 8.472414970397949219e+00
2.166591167449951172e+00 7.608471870422363281e+00
2.168591737747192383e+00 8.303814888000488281e+00
2.170592069625854492e+00 8.517407417297363281e+00
2.172592878341674805e+00 8.551423072814941406e+00
2.174593448638916016e+00 8.555308341979980469e+00
2.176594018936157227e+00 8.460639953613281250e+00
2.178594350814819336e+00 8.317131042480468750e+00
2.180594921112060547e+00 8.528556823730468750e+00
2.182595491409301758e+00 8.343378067016601562e+00
2.184596061706542969e+00 8.456617355346679688e+00
2.186596632003784180e+00 8.453033447265625000e+00
2.188596963882446289e+00 8.166020393371582031e+00
2.190597772598266602e+00 8.322843551635742188e+00
2.192598342895507812e+00 8.370332717895507812e+00
2.194598913192749023e+00 8.328809738159179688e+00
2.196599483489990234e+00 8.298452377319335938e+00
2.198599815368652344e+00 8.297028541564941406e+00
2.200600385665893555e+00 8.256199836730957031e+00
2.202600955963134766e+00 8.210253715515136719e+00
2.204601526260375977e+00 8.213644027709960938e+00
2.206602096557617188e+00 7.784324169158935547e+00
2.208602428436279297e+00 7.972390174865722656e+00
2.210603237152099609e+00 8.109716415405273438e+00
2.212603807449340820e+00 8.097628593444824219e+00
2.214604377746582031e+00 8.062319755554199219e+00
2.216604709625244141e+00 7.971261978149414062e+00
2.218605279922485352e+00 7.962715148925781250e+00
2.220605850219726562e+00 8.001108169555664062e+00
2.222606420516967773e+00 7.957787036895751953e+00
2.224606990814208984e+00 7.923604011535644531e+00
2.226607322692871094e+00 7.752663135528564453e+00
2.228607892990112305e+00 7.844775199890136719e+00
2.230608701705932617e+00 7.837719917297363281e+00
2.232609272003173828e+00 7.830867767333984375e+00
2.234609842300415039e+00 7.821339130401611328e+00
2.236610174179077148e+00 7.778253078460693359e+00
2.238610744476318359e+00 7.619206905364990234e+00
2.240611314773559570e+00 7.665627956390380859e+00
2.242611885070800781e+00 7.652956008911132812e+00
2.244612216949462891e+00 7.661191940307617188e+00
2.246612787246704102e+00 7.656466007232666016e+00
2.248613357543945312e+00 7.515487194061279297e+00
2.250614166259765625e+00 7.589760780334472656e+00
2.252614736557006836e+00 7.546569824218750000e+00
2.254615068435668945e+00 7.409714221954345703e+00
2.256615638732910156e+00 7.463243007659912109e+00
2.258616209030151367e+00 7.492930889129638672e+00
2.260616779327392578e+00 7.477593898773193359e+00
2.262617349624633789e+00 7.300589084625244141e+00
2.264617681503295898e+00 7.391807079315185547e+00
2.266618251800537109e+00 7.336788177490234375e+00
2.268619060516357422e+00 7.366651058197021484e+00
2.270619630813598633e+00 7.350574016571044922e+00
2.272620201110839844e+00 7.299821853637695312e+00
2.274620532989501953e+00 7.255055904388427734e+00
2.276621103286743164e+00 7.290438175201416016e+00
2.278621673583984375e+00 7.277380943298339844e+00
2.280622243881225586e+00 7.234086990356445312e+00
2.282622575759887695e+00 6.916335105895996094e+00
2.284623146057128906e+00 7.153233051300048828e+00
2.286623716354370117e+00 7.119959831237792969e+00
2.288624525070190430e+00 7.141174793243408203e+00
2.290625095367431641e+00 7.124009132385253906e+00
2.292625427246093750e+00 7.089127063751220703e+00
2.294625997543334961e+00 6.839078903198242188e+00
2.296626567840576172e+00 6.892733097076416016e+00
2.298627138137817383e+00 6.879396915435791016e+00
2.300627708435058594e+00 6.915575027465820312e+00
2.302628040313720703e+00 6.930193901062011719e+00
2.304628610610961914e+00 6.918959140777587891e+00
2.306629180908203125e+00 6.905086994171142578e+00
2.308629989624023438e+00 6.889011859893798828e+00
2.310630321502685547e+00 6.848699092864990234e+00
2.312630891799926758e+00 6.840815067291259766e+00
2.314631462097167969e+00 6.838899135589599609e+00
2.316632032394409180e+00 6.744756221771240234e+00
2.318632602691650391e+00 6.681327819824218750e+00
2.320632934570312500e+00 6.755138874053955078e+00
2.322633504867553711e+00 6.609423160552978516e+00
2.324634075164794922e+00 6.471087932586669922e+00
2.326634883880615234e+00 6.468368053436279297e+00
2.328635454177856445e+00 6.589564800262451172e+00
2.330635786056518555e+00 6.604533195495605469e+00
2.332636356353759766e+00 6.527567863464355469e+00
2.334636926651000977e+00 6.562234878540039062e+00
2.336637496948242188e+00 6.470884799957275391e+00
2.338638067245483398e+00 6.444324970245361328e+00
2.340638399124145508e+00 6.525742053985595703e+00
2.342638969421386719e+00 6.515161991119384766e+00
2.344639539718627930e+00 6.499184131622314453e+00
2.346640348434448242e+00 6.461030006408691406e+00
2.348640680313110352e+00 6.461789131164550781e+00
2.350641250610351562e+00 6.450948238372802734e+00
2.352641820907592773e+00 6.186943054199218750e+00
2.354642391204833984e+00 6.165344238281250000e+00
2.356642961502075195e+00 6.271039962768554688e+00
2.358643293380737305e+00 6.180925846099853516e+00
2.360643863677978516e+00 6.260481834411621094e+00
2.362644433975219727e+00 6.283697128295898438e+00
2.364645004272460938e+00 6.253308773040771484e+00
2.366645812988281250e+00 6.243799209594726562e+00
2.368646144866943359e+00 6.232675075531005859e+00
2.370646715164184570e+00 6.154332160949707031e+00
2.372647285461425781e+00 6.183487892150878906e+00
2.374647855758666992e+00 5.954613208770751953e+00
2.376648426055908203e+00 6.139264106750488281e+00
2.378648757934570312e+00 6.173411846160888672e+00
2.380649328231811523e+00 6.141696929931640625e+00
2.382649898529052734e+00 6.065281867980957031e+00
2.384650468826293945e+00 5.751458168029785156e+00
2.386651039123535156e+00 5.758801937103271484e+00
2.388651609420776367e+00 5.963880062103271484e+00
2.390652179718017578e+00 5.976233005523681641e+00
2.392652750015258789e+00 5.944046020507812500e+00
2.394653320312500000e+00 5.945261001586914062e+00
2.396653652191162109e+00 5.925429821014404297e+00
2.398654222488403320e+00 5.956749916076660156e+00
2.400654792785644531e+00 5.867729187011718750e+00
2.402655363082885742e+00 5.916553020477294922e+00
2.404656171798706055e+00 5.894377231597900391e+00
2.406656503677368164e+00 5.867162227630615234e+00
2.408657073974609375e+00 5.855766773223876953e+00
2.410657644271850586e+00 5.847336769104003906e+00
2.412658214569091797e+00 5.843752861022949219e+00
2.414658546447753906e+00 5.593778133392333984e+00
2.416659116744995117e+00 5.434239864349365234e+00
2.418659687042236328e+00 5.709578037261962891e+00
2.420660257339477539e+00 5.673696994781494141e+00
2.422660827636718750e+00 5.692430973052978516e+00
2.424661397933959961e+00 5.649125099182128906e+00
2.426661968231201172e+00 5.644865989685058594e+00
2.428662538528442383e+00 5.638613224029541016e+00
2.430663108825683594e+00 5.661161899566650391e+00
2.432663679122924805e+00 5.629043102264404297e+00
2.434664011001586914e+00 5.582339763641357422e+00
2.436664581298828125e+00 5.525257110595703125e+00
2.438665151596069336e+00 5.521800041198730469e+00
2.440665721893310547e+00 5.580002784729003906e+00
2.442666292190551758e+00 5.557671070098876953e+00
2.444666862487792969e+00 5.542601108551025391e+00
2.446667432785034180e+00 5.417651176452636719e+00
2.448668003082275391e+00 5.366827011108398438e+00
2.450668573379516602e+00 5.351323127746582031e+00
2.452668905258178711e+00 5.344523906707763672e+00
2.454669475555419922e+00 5.404881954193115234e+00
2.456670045852661133e+00 5.307820796966552734e+00
2.458670616149902344e+00 5.242171764373779297e+00
2.460671186447143555e+00 5.393798828125000000e+00
2.462671756744384766e+00 5.375060081481933594e+00
2.464672327041625977e+00 5.371799945831298828e+00
2.466672897338867188e+00 5.343614101409912109e+00
2.468673467636108398e+00 5.337766170501708984e+00
2.470674037933349609e+00 5.169590950012207031e+00
2.472674369812011719e+00 5.315050125122070312e+00
2.474674940109252930e+00 5.207941055297851562e+00
2.476675510406494141e+00 5.281967163085937500e+00
2.478676080703735352e+00 5.242603778839111328e+00
2.480676651000976562e+00 5.024641990661621094e+00
2.482677221298217773e+00 5.025888919830322266e+00
2.484677791595458984e+00 5.191023826599121094e+00
2.486678361892700195e+00 5.001423835754394531e+00
2.488678932189941406e+00 5.154564857482910156e+00
2.490679264068603516e+00 5.153316020965576172e+00
2.492679834365844727e+00 5.136147022247314453e+00
2.494680404663085938e+00 5.078344821929931641e+00
2.496680974960327148e+00 5.094283103942871094e+00
2.498681545257568359e+00 5.074542999267578125e+00
2.500682115554809570e+00 5.090984821319580078e+00
2.505683422088623047e+00 5.053444862365722656e+00
2.515686035156250000e+00 4.941577911376953125e+00
2.525688886642456055e+00 4.894886016845703125e+00
2.535691499710083008e+00 4.822793006896972656e+00
2.545694351196289062e+00 4.742044925689697266e+00
2.555696964263916016e+00 4.667749881744384766e+00
2.565699815750122070e+00 4.591385841369628906e+00
2.575702428817749023e+00 4.565695762634277344e+00
2.585705280303955078e+00 4.443346977233886719e+00
2.595707893371582031e+00 4.423010826110839844e+00
2.605710744857788086e+00 4.367140769958496094e+00
2.615713357925415039e+00 4.284614086151123047e+00
2.625716209411621094e+00 4.086294174194335938e+00
2.635719060897827148e+00 4.168105125427246094e+00
2.645721673965454102e+00 4.105946063995361328e+00
2.655724525451660156e+00 4.057826995849609375e+00
2.665727138519287109e+00 3.974363088607788086e+00
2.675729751586914062e+00 3.944365024566650391e+00
2.685732364654541016e+00 3.913913965225219727e+00
2.695735216140747070e+00 3.858138084411621094e+00
