0.3864 1.84686e-13
0.3865 0.000939024
0.3866 0.00187805
0.3867 0.00370667
0.3868 0.0055353
0.3869 0.00741334
0.387 0.00929139
0.3871 0.01112
0.3872 0.0129486
0.3873 0.0148267
0.3874 0.0167047
0.3875 0.0185828
0.3876 0.0204608
0.3877 0.0222895
0.3878 0.0241181
0.3879 0.0259961
0.388 0.0278742
0.3881 0.0297028
0.3882 0.0315314
0.3883 0.0334095
0.3884 0.0352875
0.3885 0.0371161
0.3886 0.0389448
0.3887 0.0408228
0.3888 0.0427009
0.3889 0.0445295
0.389 0.0463581
0.3891 0.0482362
0.3892 0.0501142
0.3893 0.0519923
0.3894 0.0538703
0.3895 0.0556989
0.3896 0.0575276
0.3897 0.0594056
0.3898 0.0612837
0.3899 0.0631123
0.39 0.0649409
0.3901 0.0668189
0.3902 0.068697
0.3903 0.0705256
0.3904 0.0723542
0.3905 0.0742323
0.3906 0.0761103
0.3907 0.0779884
0.3908 0.0798664
0.3909 0.0816951
0.391 0.0835237
0.3911 0.0854017
0.3912 0.0872798
0.3913 0.0891084
0.3914 0.090937
0.3915 0.0937541
0.3916 0.0965712
0.3917 0.100278
0.3918 0.103985
0.3919 0.107691
0.392 0.111398
0.3921 0.115105
0.3922 0.118811
0.3923 0.122518
0.3924 0.126225
0.3925 0.129931
0.3926 0.133638
0.3927 0.137345
0.3928 0.141051
0.3929 0.144758
0.393 0.148465
0.3931 0.152221
0.3932 0.155977
0.3933 0.159683
0.3934 0.16339
0.3935 0.167097
0.3936 0.170803
0.3937 0.17451
0.3938 0.178217
0.3939 0.181923
0.394 0.18563
0.3941 0.189337
0.3942 0.193043
0.3943 0.19675
0.3944 0.200457
0.3945 0.204164
0.3946 0.20787
0.3947 0.211577
0.3948 0.215284
0.3949 0.21904
0.395 0.222796
0.3951 0.226502
0.3952 0.230209
0.3953 0.233916
0.3954 0.237622
0.3955 0.241329
0.3956 0.245036
0.3957 0.248742
0.3958 0.252449
0.3959 0.256156
0.396 0.259862
0.3961 0.263569
0.3962 0.267276
0.3963 0.270982
0.3964 0.274689
0.3965 0.278445
0.3966 0.282201
0.3967 0.285908
0.3968 0.289615
0.3969 0.293321
0.397 0.297028
0.3971 0.300735
0.3972 0.304441
0.3973 0.308148
0.3974 0.311855
0.3975 0.315561
0.3976 0.319268
0.3977 0.322975
0.3978 0.326681
0.3979 0.330388
0.398 0.334095
0.3981 0.337851
0.3982 0.341607
0.3983 0.345314
0.3984 0.34902
0.3985 0.352727
0.3986 0.356434
0.3987 0.36014
0.3988 0.363847
0.3989 0.367554
0.399 0.37126
0.3991 0.374967
0.3992 0.378674
0.3993 0.38238
0.3994 0.386087
0.3995 0.389794
0.3996 0.3935
0.3997 0.397207
0.3998 0.400914
0.3999 0.40467
0.4 0.408426
0.4001 0.412133
0.4002 0.415839
0.4003 0.419546
0.4004 0.423253
0.4005 0.426959
0.4006 0.430666
0.4007 0.434373
0.4008 0.438079
0.4009 0.441786
0.401 0.445493
0.4011 0.449199
0.4012 0.452906
0.4013 0.456613
0.4014 0.460319
0.4015 0.464075
0.4016 0.467831
0.4017 0.471538
0.4018 0.475245
0.4019 0.478951
0.402 0.482658
0.4021 0.486365
0.4022 0.490072
0.4023 0.493778
0.4024 0.497485
0.4025 0.501192
0.4026 0.504898
0.4027 0.508605
0.4028 0.512312
0.4029 0.516018
0.403 0.519725
0.4031 0.523481
0.4032 0.527237
0.4033 0.530944
0.4034 0.53465
0.4035 0.538357
0.4036 0.542064
0.4037 0.54577
0.4038 0.549477
0.4039 0.553184
0.404 0.55689
0.4041 0.560597
0.4042 0.564304
0.4043 0.56801
0.4044 0.571717
0.4045 0.575424
0.4046 0.57913
0.4047 0.582837
0.4048 0.586544
0.4049 0.5903
0.405 0.594056
0.4051 0.597763
0.4052 0.601469
0.4053 0.605176
0.4054 0.608883
0.4055 0.612589
0.4056 0.616296
0.4057 0.620003
0.4058 0.623709
0.4059 0.627416
0.406 0.631123
0.4061 0.634829
0.4062 0.638536
0.4063 0.642243
0.4064 0.645949
0.4065 0.649706
0.4066 0.653462
0.4067 0.657168
0.4068 0.660875
0.4069 0.664582
0.407 0.668288
0.4071 0.671995
0.4072 0.675702
0.4073 0.679408
0.4074 0.683115
0.4075 0.686822
0.4076 0.690528
0.4077 0.694235
0.4078 0.697942
0.4079 0.701648
0.408 0.705355
0.4081 0.709111
0.4082 0.712867
0.4083 0.716574
0.4084 0.720281
0.4085 0.723987
0.4086 0.727694
0.4087 0.731401
0.4088 0.735107
0.4089 0.738814
0.409 0.742521
0.4091 0.746227
0.4092 0.749934
0.4093 0.753641
0.4094 0.757347
0.4095 0.761054
0.4096 0.764761
0.4097 0.768467
0.4098 0.772174
0.4099 0.77593
0.41 0.779686
0.4101 0.783393
0.4102 0.7871
0.4103 0.790806
0.4104 0.794513
0.4105 0.79822
0.4106 0.801926
0.4107 0.805633
0.4108 0.80934
0.4109 0.813046
0.411 0.816753
0.4111 0.82046
0.4112 0.824166
0.4113 0.827873
0.4114 0.83158
0.4115 0.835336
0.4116 0.839092
0.4117 0.842798
0.4118 0.846505
0.4119 0.850212
0.412 0.853918
0.4121 0.857625
0.4122 0.861332
0.4123 0.863655
0.4124 0.865978
0.4125 0.867806
0.4126 0.869635
0.4127 0.871513
0.4128 0.873391
0.4129 0.875269
0.413 0.877147
0.4131 0.878976
0.4132 0.880804
0.4133 0.882682
0.4134 0.88456
0.4135 0.886389
0.4136 0.888218
0.4137 0.890096
0.4138 0.891974
0.4139 0.893802
0.414 0.895631
0.4141 0.897509
0.4142 0.899387
0.4143 0.901216
0.4144 0.903044
0.4145 0.904922
0.4146 0.9068
0.4147 0.908678
0.4148 0.910556
0.4149 0.912385
0.415 0.914214
0.4151 0.916092
0.4152 0.91797
0.4153 0.919798
0.4154 0.921627
0.4155 0.923505
0.4156 0.925383
0.4157 0.926767
0.4158 0.928151
0.4159 0.928151
0.416 0.928151
0.4161 0.928151
0.4162 0.928151
0.4163 0.928151
0.4164 0.928151
0.4165 0.928151
0.4166 0.928151
0.4167 0.928151
0.4168 0.928151
0.4169 0.928151
0.417 0.928151
0.4171 0.928151
0.4172 0.928151
0.4173 0.928151
0.4174 0.928151
0.4175 0.928151
0.4176 0.928151
0.4177 0.928151
0.4178 0.928151
0.4179 0.928151
0.418 0.928151
0.4181 0.928151
0.4182 0.928151
0.4183 0.928151
0.4184 0.928151
0.4185 0.928151
0.4186 0.928151
0.4187 0.928151
0.4188 0.928151
0.4189 0.928151
0.419 0.928151
0.4191 0.928151
0.4192 0.928151
0.4193 0.928151
0.4194 0.928151
0.4195 0.928151
0.4196 0.928151
0.4197 0.928151
0.4198 0.928151
0.4199 0.928151
0.42 0.928151
0.4201 0.928151
0.4202 0.928151
0.4203 0.928151
0.4204 0.928151
0.4205 0.928151
0.4206 0.928151
0.4207 0.928151
0.4208 0.928151
0.4209 0.928151
0.421 0.928151
0.4211 0.928151
0.4212 0.928151
0.4213 0.928151
0.4214 0.928151
0.4215 0.928151
0.4216 0.928151
0.4217 0.928151
0.4218 0.928151
0.4219 0.928151
0.422 0.928151
0.4221 0.928151
0.4222 0.928151
0.4223 0.928151
0.4224 0.928151
0.4225 0.928151
0.4226 0.928151
0.4227 0.928151
0.4228 0.928151
0.4229 0.928151
0.423 0.928151
0.4231 0.928151
0.4232 0.928151
0.4233 0.928151
0.4234 0.928151
0.4235 0.928151
0.4236 0.928151
0.4237 0.928151
0.4238 0.928151
0.4239 0.928151
0.424 0.928151
0.4241 0.928151
0.4242 0.928151
0.4243 0.928151
0.4244 0.928151
0.4245 0.928151
0.4246 0.928151
0.4247 0.928151
0.4248 0.928151
0.4249 0.928151
0.425 0.928151
0.4251 0.928151
0.4252 0.928151
0.4253 0.928151
0.4254 0.928151
0.4255 0.928151
0.4256 0.928151
0.4257 0.928151
0.4258 0.928151
0.4259 0.928151
0.426 0.928151
0.4261 0.928151
0.4262 0.928151
0.4263 0.928151
0.4264 0.928151
0.4265 0.928151
0.4266 0.928151
0.4267 0.928151
0.4268 0.928151
0.4269 0.928151
0.427 0.928151
0.4271 0.928151
0.4272 0.928151
0.4273 0.928151
0.4274 0.928151
0.4275 0.928151
0.4276 0.928151
0.4277 0.928151
0.4278 0.928151
0.4279 0.928151
0.428 0.928151
0.4281 0.928151
0.4282 0.928151
0.4283 0.928151
0.4284 0.928151
0.4285 0.928151
0.4286 0.928151
0.4287 0.928151
0.4288 0.928151
0.4289 0.928151
0.429 0.928151
0.4291 0.928151
0.4292 0.928151
0.4293 0.928151
0.4294 0.928151
0.4295 0.928151
0.4296 0.928151
0.4297 0.928151
0.4298 0.928151
0.4299 0.928151
0.43 0.928151
0.4301 0.928151
0.4302 0.928151
0.4303 0.928151
0.4304 0.928151
0.4305 0.928151
0.4306 0.928151
0.4307 0.928151
0.4308 0.928151
0.4309 0.928151
0.431 0.928151
0.4311 0.928151
0.4312 0.928151
0.4313 0.928151
0.4314 0.928151
0.4315 0.928151
0.4316 0.928151
0.4317 0.928151
0.4318 0.928151
0.4319 0.928151
0.432 0.928151
0.4321 0.928151
0.4322 0.928151
0.4323 0.928151
0.4324 0.928151
0.4325 0.928151
0.4326 0.928151
0.4327 0.928151
0.4328 0.928151
0.4329 0.928151
0.433 0.928151
0.4331 0.928151
0.4332 0.928151
0.4333 0.928151
0.4334 0.928151
0.4335 0.928151
0.4336 0.928151
0.4337 0.928151
0.4338 0.928151
0.4339 0.928151
0.434 0.928151
0.4341 0.928151
0.4342 0.928151
0.4343 0.928151
0.4344 0.928151
0.4345 0.928151
0.4346 0.928151
0.4347 0.928151
0.4348 0.928151
0.4349 0.928151
0.435 0.928151
0.4351 0.928151
0.4352 0.928151
0.4353 0.928151
0.4354 0.928151
0.4355 0.928151
0.4356 0.928151
0.4357 0.928151
0.4358 0.928151
0.4359 0.928151
0.436 0.928151
0.4361 0.928151
0.4362 0.928151
0.4363 0.928151
0.4364 0.928151
0.4365 0.928151
0.4366 0.928151
0.4367 0.928151
0.4368 0.928151
0.4369 0.928151
0.437 0.928151
0.4371 0.928151
0.4372 0.928151
0.4373 0.928151
0.4374 0.928151
0.4375 0.928151
0.4376 0.928151
0.4377 0.928151
0.4378 0.928151
0.4379 0.928151
0.438 0.928151
0.4381 0.928151
0.4382 0.928151
0.4383 0.928151
0.4384 0.928151
0.4385 0.928151
0.4386 0.928151
0.4387 0.928151
0.4388 0.928151
0.4389 0.928151
0.439 0.928151
0.4391 0.928151
0.4392 0.928151
0.4393 0.928151
0.4394 0.928151
0.4395 0.928151
0.4396 0.928151
0.4397 0.928151
0.4398 0.928151
0.4399 0.928151
0.44 0.928151
0.4401 0.928151
0.4402 0.928151
0.4403 0.928151
0.4404 0.928151
0.4405 0.928151
0.4406 0.928151
0.4407 0.928151
0.4408 0.928151
0.4409 0.928151
0.441 0.928151
0.4411 0.928151
0.4412 0.928151
0.4413 0.928151
0.4414 0.928151
0.4415 0.928151
0.4416 0.928151
0.4417 0.928151
0.4418 0.928151
0.4419 0.928151
0.442 0.928151
0.4421 0.928151
0.4422 0.928151
0.4423 0.928151
0.4424 0.928151
0.4425 0.928151
0.4426 0.928151
0.4427 0.928151
0.4428 0.928151
0.4429 0.928151
0.443 0.928151
0.4431 0.928151
0.4432 0.928151
0.4433 0.928151
0.4434 0.928151
0.4435 0.928151
0.4436 0.928151
0.4437 0.928151
0.4438 0.928151
0.4439 0.928151
0.444 0.928151
0.4441 0.928151
0.4442 0.928151
0.4443 0.928151
0.4444 0.928151
0.4445 0.928151
0.4446 0.928151
0.4447 0.928151
0.4448 0.928151
0.4449 0.928151
0.445 0.928151
0.4451 0.928151
0.4452 0.928151
0.4453 0.928151
0.4454 0.928151
0.4455 0.928151
0.4456 0.928151
0.4457 0.928151
0.4458 0.928151
0.4459 0.928151
0.446 0.928151
0.4461 0.928151
0.4462 0.928151
0.4463 0.928151
0.4464 0.928151
0.4465 0.928151
0.4466 0.928151
0.4467 0.928151
0.4468 0.928151
0.4469 0.928151
0.447 0.928151
0.4471 0.928151
0.4472 0.928151
0.4473 0.928151
0.4474 0.928151
0.4475 0.928151
0.4476 0.928151
0.4477 0.928151
0.4478 0.928151
0.4479 0.928151
0.448 0.928151
0.4481 0.928151
0.4482 0.928151
0.4483 0.928151
0.4484 0.928151
0.4485 0.928151
0.4486 0.928151
0.4487 0.928151
0.4488 0.928151
0.4489 0.928151
0.449 0.928151
0.4491 0.928151
0.4492 0.928151
0.4493 0.928151
0.4494 0.928151
0.4495 0.928151
0.4496 0.928151
0.4497 0.928151
0.4498 0.928151
0.4499 0.928151
0.45 0.928151
0.4501 0.928151
0.4502 0.928151
0.4503 0.928151
0.4504 0.928151
0.4505 0.928151
0.4506 0.928151
0.4507 0.928151
0.4508 0.928151
0.4509 0.928151
0.451 0.928151
0.4511 0.928151
0.4512 0.928151
0.4513 0.928151
0.4514 0.928151
0.4515 0.928151
0.4516 0.928151
0.4517 0.928151
0.4518 0.928151
0.4519 0.928151
0.452 0.928151
0.4521 0.928151
0.4522 0.928151
0.4523 0.928151
0.4524 0.928151
0.4525 0.928151
0.4526 0.928151
0.4527 0.928151
0.4528 0.928151
0.4529 0.928151
0.453 0.928151
0.4531 0.928151
0.4532 0.928151
0.4533 0.928151
0.4534 0.928151
0.4535 0.928151
0.4536 0.928151
0.4537 0.928151
0.4538 0.928151
0.4539 0.928151
0.454 0.928151
0.4541 0.928151
0.4542 0.928151
0.4543 0.928151
0.4544 0.928151
0.4545 0.928151
0.4546 0.928151
0.4547 0.928151
0.4548 0.928151
0.4549 0.928151
0.455 0.928151
0.4551 0.928151
0.4552 0.928151
0.4553 0.928151
0.4554 0.928151
0.4555 0.928151
0.4556 0.928151
0.4557 0.928151
0.4558 0.928151
0.4559 0.928151
0.456 0.928151
0.4561 0.928151
0.4562 0.928151
0.4563 0.928151
0.4564 0.928151
0.4565 0.928151
0.4566 0.928151
0.4567 0.928151
0.4568 0.928151
0.4569 0.928151
0.457 0.928151
0.4571 0.928151
0.4572 0.928151
0.4573 0.928151
0.4574 0.928151
0.4575 0.928151
0.4576 0.928151
0.4577 0.928151
0.4578 0.928151
0.4579 0.928151
0.458 0.928151
0.4581 0.928151
0.4582 0.928151
0.4583 0.928151
0.4584 0.928151
0.4585 0.928151
0.4586 0.928151
0.4587 0.928151
0.4588 0.928151
0.4589 0.928151
0.459 0.928151
0.4591 0.928151
0.4592 0.928151
0.4593 0.928151
0.4594 0.928151
0.4595 0.928151
0.4596 0.928151
0.4597 0.928151
0.4598 0.928151
0.4599 0.928151
0.46 0.928151
0.4601 0.928151
0.4602 0.928151
0.4603 0.928151
0.4604 0.928151
0.4605 0.928151
0.4606 0.928151
0.4607 0.928151
0.4608 0.928151
0.4609 0.928151
0.461 0.928151
0.4611 0.928151
0.4612 0.928151
0.4613 0.928151
0.4614 0.928151
0.4615 0.928151
0.4616 0.928151
0.4617 0.928151
0.4618 0.928151
0.4619 0.928151
0.462 0.928151
0.4621 0.928151
0.4622 0.928151
0.4623 0.928151
0.4624 0.928151
0.4625 0.928151
0.4626 0.928151
0.4627 0.928151
0.4628 0.928151
0.4629 0.928151
0.463 0.928151
0.4631 0.928151
0.4632 0.928151
0.4633 0.928151
0.4634 0.928151
0.4635 0.928151
0.4636 0.928151
0.4637 0.928151
0.4638 0.928151
0.4639 0.928151
0.464 0.928151
0.4641 0.928151
0.4642 0.928151
0.4643 0.928151
0.4644 0.928151
0.4645 0.928151
0.4646 0.928151
0.4647 0.928151
0.4648 0.928151
0.4649 0.928151
0.465 0.928151
0.4651 0.928151
0.4652 0.928151
0.4653 0.928151
0.4654 0.928151
0.4655 0.928151
0.4656 0.928151
0.4657 0.928151
0.4658 0.928151
0.4659 0.928151
0.466 0.928151
0.4661 0.928151
0.4662 0.928151
0.4663 0.928151
0.4664 0.928151
0.4665 0.928151
0.4666 0.928151
0.4667 0.928151
0.4668 0.928151
0.4669 0.928151
0.467 0.928151
0.4671 0.928151
0.4672 0.928151
0.4673 0.928151
0.4674 0.928151
0.4675 0.928151
0.4676 0.928151
0.4677 0.928151
0.4678 0.928151
0.4679 0.928151
0.468 0.928151
0.4681 0.928151
0.4682 0.928151
0.4683 0.928151
0.4684 0.928151
0.4685 0.928151
0.4686 0.928151
0.4687 0.928151
0.4688 0.928151
0.4689 0.928151
0.469 0.928151
0.4691 0.928151
0.4692 0.928151
0.4693 0.928151
0.4694 0.928151
0.4695 0.928151
0.4696 0.928151
0.4697 0.928151
0.4698 0.928151
0.4699 0.928151
0.47 0.928151
0.4701 0.928151
0.4702 0.928151
0.4703 0.928151
0.4704 0.928151
0.4705 0.928151
0.4706 0.928151
0.4707 0.928151
0.4708 0.928151
0.4709 0.928151
0.471 0.928151
0.4711 0.928151
0.4712 0.928151
0.4713 0.928151
0.4714 0.928151
0.4715 0.928151
0.4716 0.928151
0.4717 0.928151
0.4718 0.928151
0.4719 0.928151
0.472 0.928151
0.4721 0.928151
0.4722 0.928151
0.4723 0.928151
0.4724 0.928151
0.4725 0.928151
0.4726 0.928151
0.4727 0.928151
0.4728 0.928151
0.4729 0.928151
0.473 0.928151
0.4731 0.928151
0.4732 0.928151
0.4733 0.928151
0.4734 0.928151
0.4735 0.928151
0.4736 0.928151
0.4737 0.928151
0.4738 0.928151
0.4739 0.928151
0.474 0.928151
0.4741 0.928151
0.4742 0.928151
0.4743 0.928151
0.4744 0.928151
0.4745 0.928151
0.4746 0.928151
0.4747 0.928151
0.4748 0.928151
0.4749 0.928151
0.475 0.928151
0.4751 0.928151
0.4752 0.928151
0.4753 0.928151
0.4754 0.928151
0.4755 0.928151
0.4756 0.928151
0.4757 0.928151
0.4758 0.928151
0.4759 0.928151
0.476 0.928151
0.4761 0.928151
0.4762 0.928151
0.4763 0.928151
0.4764 0.928151
0.4765 0.928151
0.4766 0.928151
0.4767 0.928151
0.4768 0.928151
0.4769 0.928151
0.477 0.928151
0.4771 0.928151
0.4772 0.928151
0.4773 0.928151
0.4774 0.928151
0.4775 0.928151
0.4776 0.928151
0.4777 0.928151
0.4778 0.928151
0.4779 0.928151
0.478 0.928151
0.4781 0.928151
0.4782 0.928151
0.4783 0.928151
0.4784 0.928151
0.4785 0.928151
0.4786 0.928151
0.4787 0.928151
0.4788 0.928151
0.4789 0.928151
0.479 0.928151
0.4791 0.928151
0.4792 0.928151
0.4793 0.928151
0.4794 0.928151
0.4795 0.928151
0.4796 0.928151
0.4797 0.928151
0.4798 0.928151
0.4799 0.928151
0.48 0.928151
0.4801 0.928151
0.4802 0.928151
0.4803 0.928151
0.4804 0.928151
0.4805 0.928151
0.4806 0.928151
0.4807 0.928151
0.4808 0.928151
0.4809 0.928151
0.481 0.928151
0.4811 0.928151
0.4812 0.928151
0.4813 0.928151
0.4814 0.928151
0.4815 0.928151
0.4816 0.928151
0.4817 0.928151
0.4818 0.928151
0.4819 0.928151
0.482 0.928151
0.4821 0.928151
0.4822 0.928151
0.4823 0.928151
0.4824 0.928151
0.4825 0.928151
0.4826 0.928151
0.4827 0.928151
0.4828 0.928151
0.4829 0.928151
0.483 0.928151
0.4831 0.928151
0.4832 0.928151
0.4833 0.928151
0.4834 0.928151
0.4835 0.928151
0.4836 0.928151
0.4837 0.928151
0.4838 0.928151
0.4839 0.928151
0.484 0.928151
0.4841 0.928151
0.4842 0.928151
0.4843 0.928151
0.4844 0.928151
0.4845 0.928151
0.4846 0.928151
0.4847 0.928151
0.4848 0.928151
0.4849 0.928151
0.485 0.928151
0.4851 0.928151
0.4852 0.928151
0.4853 0.928151
0.4854 0.928151
0.4855 0.928151
0.4856 0.928151
0.4857 0.928151
0.4858 0.928151
0.4859 0.928151
0.486 0.928151
0.4861 0.928151
0.4862 0.928151
0.4863 0.928151
0.4864 0.928151
0.4865 0.928151
0.4866 0.928151
0.4867 0.928151
0.4868 0.928151
0.4869 0.928151
0.487 0.928151
0.4871 0.928151
0.4872 0.928151
0.4873 0.928151
0.4874 0.928151
0.4875 0.928151
0.4876 0.928151
0.4877 0.928151
0.4878 0.928151
0.4879 0.928151
0.488 0.928151
0.4881 0.928151
0.4882 0.928151
0.4883 0.928151
0.4884 0.928151
0.4885 0.928151
0.4886 0.928151
0.4887 0.928151
0.4888 0.928151
0.4889 0.928151
0.489 0.928151
0.4891 0.928151
0.4892 0.928151
0.4893 0.928151
0.4894 0.928151
0.4895 0.928151
0.4896 0.928151
0.4897 0.928151
0.4898 0.928151
0.4899 0.928151
0.49 0.928151
0.4901 0.928151
0.4902 0.928151
0.4903 0.928151
0.4904 0.928151
0.4905 0.928151
0.4906 0.928151
0.4907 0.928151
0.4908 0.928151
0.4909 0.928151
0.491 0.928151
0.4911 0.928151
0.4912 0.928151
0.4913 0.928151
0.4914 0.928151
0.4915 0.928151
0.4916 0.928151
0.4917 0.928151
0.4918 0.928151
0.4919 0.928151
0.492 0.928151
0.4921 0.928151
0.4922 0.928151
0.4923 0.928151
0.4924 0.928151
0.4925 0.928151
0.4926 0.928151
0.4927 0.928151
0.4928 0.928151
0.4929 0.928151
0.493 0.928151
0.4931 0.928151
0.4932 0.928151
0.4933 0.928151
0.4934 0.928151
0.4935 0.928151
0.4936 0.928151
0.4937 0.928151
0.4938 0.928151
0.4939 0.928151
0.494 0.928151
0.4941 0.928151
0.4942 0.928151
0.4943 0.928151
0.4944 0.928151
0.4945 0.928151
0.4946 0.928151
0.4947 0.928151
0.4948 0.928151
0.4949 0.928151
0.495 0.928151
0.4951 0.928151
0.4952 0.928151
0.4953 0.928151
0.4954 0.928151
0.4955 0.928151
0.4956 0.928151
0.4957 0.928151
0.4958 0.928151
0.4959 0.928151
0.496 0.928151
0.4961 0.928151
0.4962 0.928151
0.4963 0.928151
0.4964 0.928151
0.4965 0.928151
0.4966 0.928151
0.4967 0.928151
0.4968 0.928151
0.4969 0.928151
0.497 0.928151
0.4971 0.928151
0.4972 0.928151
0.4973 0.928151
0.4974 0.928151
0.4975 0.928151
0.4976 0.928151
0.4977 0.928151
0.4978 0.928151
0.4979 0.928151
0.498 0.928151
0.4981 0.928151
0.4982 0.928151
0.4983 0.928151
0.4984 0.928151
0.4985 0.928151
0.4986 0.928151
0.4987 0.928151
0.4988 0.928151
0.4989 0.928151
0.499 0.928151
0.4991 0.928151
0.4992 0.928151
0.4993 0.928151
0.4994 0.928151
0.4995 0.928151
0.4996 0.928151
0.4997 0.928151
0.4998 0.928151
0.4999 0.928151
0.5 0.928151
0.5001 0.928151
0.5002 0.928151
0.5003 0.928151
0.5004 0.928151
0.5005 0.928151
0.5006 0.928151
0.5007 0.928151
0.5008 0.928151
0.5009 0.928151
0.501 0.928151
0.5011 0.928151
0.5012 0.928151
0.5013 0.928151
0.5014 0.928151
0.5015 0.928151
0.5016 0.928151
0.5017 0.928151
0.5018 0.928151
0.5019 0.928151
0.502 0.928151
0.5021 0.928151
0.5022 0.928151
0.5023 0.928151
0.5024 0.928151
0.5025 0.928151
0.5026 0.928151
0.5027 0.928151
0.5028 0.928151
0.5029 0.928151
0.503 0.928151
0.5031 0.928151
0.5032 0.928151
0.5033 0.928151
0.5034 0.928151
0.5035 0.928151
0.5036 0.928151
0.5037 0.928151
0.5038 0.928151
0.5039 0.928151
0.504 0.928151
0.5041 0.928151
0.5042 0.928151
0.5043 0.928151
0.5044 0.928151
0.5045 0.928151
0.5046 0.928151
0.5047 0.928151
0.5048 0.928151
0.5049 0.928151
0.505 0.928151
0.5051 0.928151
0.5052 0.928151
0.5053 0.928151
0.5054 0.928151
0.5055 0.928151
0.5056 0.928151
0.5057 0.928151
0.5058 0.928151
0.5059 0.928151
0.506 0.928151
0.5061 0.928151
0.5062 0.928151
0.5063 0.928151
0.5064 0.928151
0.5065 0.928151
0.5066 0.928151
0.5067 0.928151
0.5068 0.928151
0.5069 0.928151
0.507 0.928151
0.5071 0.928151
0.5072 0.928151
0.5073 0.928151
0.5074 0.928151
0.5075 0.928151
0.5076 0.928151
0.5077 0.928151
0.5078 0.928151
0.5079 0.928151
0.508 0.928151
0.5081 0.928151
0.5082 0.928151
0.5083 0.928151
0.5084 0.928151
0.5085 0.928151
0.5086 0.928151
0.5087 0.928151
0.5088 0.928151
0.5089 0.928151
0.509 0.928151
0.5091 0.928151
0.5092 0.928151
0.5093 0.928151
0.5094 0.928151
0.5095 0.928151
0.5096 0.928151
0.5097 0.928151
0.5098 0.928151
0.5099 0.928151
0.51 0.928151
0.5101 0.928151
0.5102 0.928151
0.5103 0.928151
0.5104 0.928151
0.5105 0.928151
0.5106 0.928151
0.5107 0.928151
0.5108 0.928151
0.5109 0.928151
0.511 0.928151
0.5111 0.928151
0.5112 0.928151
0.5113 0.928151
0.5114 0.928151
0.5115 0.928151
0.5116 0.928151
0.5117 0.928151
0.5118 0.928151
0.5119 0.928151
0.512 0.928151
0.5121 0.928151
0.5122 0.928151
0.5123 0.928151
0.5124 0.928151
0.5125 0.928151
0.5126 0.928151
0.5127 0.928151
0.5128 0.928151
0.5129 0.928151
0.513 0.928151
0.5131 0.928151
0.5132 0.928151
0.5133 0.928151
0.5134 0.928151
0.5135 0.928151
0.5136 0.928151
0.5137 0.928151
0.5138 0.928151
0.5139 0.928151
0.514 0.928151
0.5141 0.928151
0.5142 0.928151
0.5143 0.928151
0.5144 0.928151
0.5145 0.928151
0.5146 0.928151
0.5147 0.928151
0.5148 0.928151
0.5149 0.928151
0.515 0.928151
0.5151 0.928151
0.5152 0.928151
0.5153 0.928151
0.5154 0.928151
0.5155 0.928151
0.5156 0.928151
0.5157 0.928151
0.5158 0.928151
0.5159 0.928151
0.516 0.928151
0.5161 0.928151
0.5162 0.928151
0.5163 0.928151
0.5164 0.928151
0.5165 0.928151
0.5166 0.928151
0.5167 0.928151
0.5168 0.928151
0.5169 0.928151
0.517 0.928151
0.5171 0.928151
0.5172 0.928151
0.5173 0.928151
0.5174 0.928151
0.5175 0.928151
0.5176 0.928151
0.5177 0.928151
0.5178 0.928151
0.5179 0.928151
0.518 0.928151
0.5181 0.928151
0.5182 0.928151
0.5183 0.928151
0.5184 0.928151
0.5185 0.928151
0.5186 0.928151
0.5187 0.928151
0.5188 0.928151
0.5189 0.928151
0.519 0.928151
0.5191 0.928151
0.5192 0.928151
0.5193 0.928151
0.5194 0.928151
0.5195 0.928151
0.5196 0.928151
0.5197 0.928151
0.5198 0.928151
0.5199 0.928151
0.52 0.928151
0.5201 0.928151
0.5202 0.928151
0.5203 0.928151
0.5204 0.928151
0.5205 0.928151
0.5206 0.928151
0.5207 0.928151
0.5208 0.928151
0.5209 0.928151
0.521 0.928151
0.5211 0.928151
0.5212 0.928151
0.5213 0.928151
0.5214 0.928151
0.5215 0.928151
0.5216 0.928151
0.5217 0.928151
0.5218 0.928151
0.5219 0.928151
0.522 0.928151
0.5221 0.928151
0.5222 0.928151
0.5223 0.928151
0.5224 0.928151
0.5225 0.928151
0.5226 0.928151
0.5227 0.928151
0.5228 0.928151
0.5229 0.928151
0.523 0.928151
0.5231 0.928151
0.5232 0.928151
0.5233 0.928151
0.5234 0.928151
0.5235 0.928151
0.5236 0.928151
0.5237 0.928151
0.5238 0.928151
0.5239 0.928151
0.524 0.928151
0.5241 0.928151
0.5242 0.928151
0.5243 0.928151
0.5244 0.928151
0.5245 0.928151
0.5246 0.928151
0.5247 0.928151
0.5248 0.928151
0.5249 0.928151
0.525 0.928151
0.5251 0.928151
0.5252 0.928151
0.5253 0.928151
0.5254 0.928151
0.5255 0.928151
0.5256 0.928151
0.5257 0.928151
0.5258 0.928151
0.5259 0.928151
0.526 0.928151
0.5261 0.928151
0.5262 0.928151
0.5263 0.928151
0.5264 0.928151
0.5265 0.928151
0.5266 0.928151
0.5267 0.928151
0.5268 0.928151
0.5269 0.928151
0.527 0.928151
0.5271 0.928151
0.5272 0.928151
0.5273 0.928151
0.5274 0.928151
0.5275 0.928151
0.5276 0.928151
0.5277 0.928151
0.5278 0.928151
0.5279 0.928151
0.528 0.928151
0.5281 0.928151
0.5282 0.928151
0.5283 0.928151
0.5284 0.928151
0.5285 0.928151
0.5286 0.928151
0.5287 0.928151
0.5288 0.928151
0.5289 0.928151
0.529 0.928151
0.5291 0.928151
0.5292 0.928151
0.5293 0.928151
0.5294 0.928151
0.5295 0.928151
0.5296 0.928151
0.5297 0.928151
0.5298 0.928151
0.5299 0.928151
0.53 0.928151
0.5301 0.928151
0.5302 0.928151
0.5303 0.928151
0.5304 0.928151
0.5305 0.928151
0.5306 0.928151
0.5307 0.928151
0.5308 0.928151
0.5309 0.928151
0.531 0.928151
0.5311 0.928151
0.5312 0.928151
0.5313 0.928151
0.5314 0.928151
0.5315 0.928151
0.5316 0.928151
0.5317 0.928151
0.5318 0.928151
0.5319 0.928151
0.532 0.928151
0.5321 0.928151
0.5322 0.928151
0.5323 0.928151
0.5324 0.928151
0.5325 0.928151
0.5326 0.928151
0.5327 0.928151
0.5328 0.928151
0.5329 0.928151
0.533 0.928151
0.5331 0.928151
0.5332 0.928151
0.5333 0.928151
0.5334 0.928151
0.5335 0.928151
0.5336 0.928151
0.5337 0.928151
0.5338 0.928151
0.5339 0.928151
0.534 0.928151
0.5341 0.928151
0.5342 0.928151
0.5343 0.928151
0.5344 0.928151
0.5345 0.928151
0.5346 0.928151
0.5347 0.928151
0.5348 0.928151
0.5349 0.928151
0.535 0.928151
0.5351 0.928151
0.5352 0.928151
0.5353 0.928151
0.5354 0.928151
0.5355 0.928151
0.5356 0.928151
0.5357 0.928151
0.5358 0.928151
0.5359 0.928151
0.536 0.928151
0.5361 0.928151
0.5362 0.928151
0.5363 0.928151
0.5364 0.928151
0.5365 0.928151
0.5366 0.928151
0.5367 0.928151
0.5368 0.928151
0.5369 0.928151
0.537 0.928151
0.5371 0.928151
0.5372 0.928151
0.5373 0.926767
0.5374 0.925383
0.5375 0.923604
0.5376 0.921825
0.5377 0.919996
0.5378 0.918167
0.5379 0.916339
0.538 0.91451
0.5381 0.912682
0.5382 0.910853
0.5383 0.909024
0.5384 0.907196
0.5385 0.905417
0.5386 0.903637
0.5387 0.901809
0.5388 0.89998
0.5389 0.898151
0.539 0.896323
0.5391 0.894494
0.5392 0.892666
0.5393 0.890837
0.5394 0.889008
0.5395 0.887229
0.5396 0.88545
0.5397 0.883621
0.5398 0.881793
0.5399 0.879964
0.54 0.878135
0.5401 0.876307
0.5402 0.874478
0.5403 0.87265
0.5404 0.870821
0.5405 0.869042
0.5406 0.867262
0.5407 0.865434
0.5408 0.863605
0.5409 0.861777
0.541 0.859948
0.5411 0.858119
0.5412 0.856291
0.5413 0.853078
0.5414 0.849866
0.5415 0.846209
0.5416 0.842551
0.5417 0.838845
0.5418 0.835138
0.5419 0.831481
0.542 0.827824
0.5421 0.824166
0.5422 0.820509
0.5423 0.816802
0.5424 0.813096
0.5425 0.809438
0.5426 0.805781
0.5427 0.802124
0.5428 0.798467
0.5429 0.79476
0.543 0.791053
0.5431 0.787396
0.5432 0.783739
0.5433 0.780082
0.5434 0.776424
0.5435 0.772718
0.5436 0.769011
0.5437 0.765354
0.5438 0.761696
0.5439 0.758039
0.544 0.754382
0.5441 0.750675
0.5442 0.746969
0.5443 0.743311
0.5444 0.739654
0.5445 0.735947
0.5446 0.732241
0.5447 0.728584
0.5448 0.724926
0.5449 0.721269
0.545 0.717612
0.5451 0.713905
0.5452 0.710198
0.5453 0.706541
0.5454 0.702884
0.5455 0.699227
0.5456 0.695569
0.5457 0.691863
0.5458 0.688156
0.5459 0.684499
0.546 0.680842
0.5461 0.677184
0.5462 0.673527
0.5463 0.66982
0.5464 0.666114
0.5465 0.662456
0.5466 0.658799
0.5467 0.655093
0.5468 0.651386
0.5469 0.647729
0.547 0.644071
0.5471 0.640414
0.5472 0.636757
0.5473 0.63305
0.5474 0.629344
0.5475 0.625686
0.5476 0.622029
0.5477 0.618372
0.5478 0.614715
0.5479 0.611008
0.548 0.607301
0.5481 0.603644
0.5482 0.599987
0.5483 0.596329
0.5484 0.592672
0.5485 0.588966
0.5486 0.585259
0.5487 0.581602
0.5488 0.577944
0.5489 0.574238
0.549 0.570531
0.5491 0.566874
0.5492 0.563217
0.5493 0.559559
0.5494 0.555902
0.5495 0.552195
0.5496 0.548489
0.5497 0.544831
0.5498 0.541174
0.5499 0.537517
0.55 0.53386
0.5501 0.530153
0.5502 0.526446
0.5503 0.522789
0.5504 0.519132
0.5505 0.515475
0.5506 0.511817
0.5507 0.508111
0.5508 0.504404
0.5509 0.500747
0.551 0.497089
0.5511 0.493432
0.5512 0.489775
0.5513 0.486068
0.5514 0.482362
0.5515 0.478704
0.5516 0.475047
0.5517 0.47134
0.5518 0.467634
0.5519 0.463977
0.552 0.460319
0.5521 0.456662
0.5522 0.453005
0.5523 0.449298
0.5524 0.445591
0.5525 0.441934
0.5526 0.438277
0.5527 0.43462
0.5528 0.430962
0.5529 0.427256
0.553 0.423549
0.5531 0.419892
0.5532 0.416235
0.5533 0.412577
0.5534 0.40892
0.5535 0.405213
0.5536 0.401507
0.5537 0.39785
0.5538 0.394192
0.5539 0.390486
0.554 0.386779
0.5541 0.383122
0.5542 0.379464
0.5543 0.375807
0.5544 0.37215
0.5545 0.368443
0.5546 0.364737
0.5547 0.361079
0.5548 0.357422
0.5549 0.353765
0.555 0.350108
0.5551 0.346401
0.5552 0.342694
0.5553 0.339037
0.5554 0.33538
0.5555 0.331722
0.5556 0.328065
0.5557 0.324359
0.5558 0.320652
0.5559 0.316995
0.556 0.313337
0.5561 0.309631
0.5562 0.305924
0.5563 0.302267
0.5564 0.29861
0.5565 0.294952
0.5566 0.291295
0.5567 0.287588
0.5568 0.283882
0.5569 0.280224
0.557 0.276567
0.5571 0.27291
0.5572 0.269253
0.5573 0.265546
0.5574 0.261839
0.5575 0.258182
0.5576 0.254525
0.5577 0.250868
0.5578 0.24721
0.5579 0.243504
0.558 0.239797
0.5581 0.23614
0.5582 0.232482
0.5583 0.228825
0.5584 0.225168
0.5585 0.221461
0.5586 0.217755
0.5587 0.214097
0.5588 0.21044
0.5589 0.206733
0.559 0.203027
0.5591 0.19937
0.5592 0.195712
0.5593 0.192055
0.5594 0.188398
0.5595 0.184691
0.5596 0.180984
0.5597 0.177327
0.5598 0.17367
0.5599 0.170013
0.56 0.166355
0.5601 0.162649
0.5602 0.158942
0.5603 0.155285
0.5604 0.151628
0.5605 0.14797
0.5606 0.144313
0.5607 0.140606
0.5608 0.1369
0.5609 0.133243
0.561 0.129585
0.5611 0.125879
0.5612 0.122172
0.5613 0.118515
0.5614 0.114857
0.5615 0.1112
0.5616 0.107543
0.5617 0.103836
0.5618 0.10013
0.5619 0.0964723
0.562 0.0928151
0.5621 0.090937
0.5622 0.089059
0.5623 0.0872304
0.5624 0.0854017
0.5625 0.0835237
0.5626 0.0816456
0.5627 0.079817
0.5628 0.0779884
0.5629 0.0761103
0.563 0.0742323
0.5631 0.0724037
0.5632 0.070575
0.5633 0.068697
0.5634 0.0668189
0.5635 0.0649903
0.5636 0.0631617
0.5637 0.0612837
0.5638 0.0594056
0.5639 0.0575276
0.564 0.0556495
0.5641 0.0538209
0.5642 0.0519923
0.5643 0.0501142
0.5644 0.0482362
0.5645 0.0464075
0.5646 0.0445789
0.5647 0.0427009
0.5648 0.0408228
0.5649 0.0389942
0.565 0.0371656
0.5651 0.0352875
0.5652 0.0334095
0.5653 0.0315314
0.5654 0.0296534
0.5655 0.0278248
0.5656 0.0259961
0.5657 0.0241181
0.5658 0.02224
0.5659 0.0204114
0.566 0.0185828
0.5661 0.0167047
0.5662 0.0148267
0.5663 0.0129981
0.5664 0.0111694
0.5665 0.00929139
0.5666 0.00741334
0.5667 0.00558472
0.5668 0.00375609
0.5669 0.00187805
