1.5 -0.00069444
1.4998 -0.00072506
1.4996 -0.00036984
1.4994 -1.541e-05
1.4992 0.00013873
1.499 -0.00016951
1.4988 -0.00049287
1.4986 -0.00018495000000000002
1.4984 0.00050875
1.4982 -0.00015428000000000002
1.498 -0.00035484000000000004
1.4978 0.00064679
1.4976 0.00116987
1.4974 0.00083264
1.4972 -0.00067899
1.497 -0.0008327800000000001
1.4968 -0.00016979999999999998
1.4966 0.00047825
1.4964 0.0006466800000000001
1.4962 0.0
1.496 -0.0005092300000000001
1.4958 -0.0006625499999999999
1.4956 0.00018469
1.4954 0.00084571
1.4952 0.0
1.495 -0.00103165
1.4948 -0.00021543
1.4946 0.00066053
1.4944 0.00086
1.4942 0.00033812
1.494 -0.00018462
1.4938 0.00015395
1.4936 0.00049305
1.4934 0.0013086800000000002
1.4932 0.00064638
1.493 -0.00018475
1.4928 -0.00020046000000000002
1.4926 -4.6299999999999994e-05
1.4924 -3.088e-05
1.4922 -0.00032398999999999997
1.492 -0.00015391
1.4918 -0.0001539
1.4916 -0.00098672
1.4914 -0.00018492999999999998
1.4912 0.00078657
1.491 -0.00016994999999999998
1.4908 -0.00046238000000000003
1.4906 -1.5380000000000002e-05
1.4904 0.00010773
1.4902 0.00030722
1.49 0.00030713
1.4898 -0.00050765
1.4896 -0.00033812
1.4894 0.0004614
1.4892 0.00096857
1.489 0.00081497
1.4888 1.5399999999999998e-05
1.4886 -0.00016945000000000003
1.4884 0.00010787
1.4882 -6.171e-05
1.488 -0.00038615
1.4878 0.00066369
1.4876 0.0005394
1.4874 0.00015402000000000002
1.4872 0.00044659999999999996
1.487 0.00061563
1.4868 0.0006156
1.4866 0.00012326
1.4864 -0.00020039000000000002
1.4862 -0.00049332
1.486 4.6179999999999995e-05
1.4858 0.00067671
1.4856 0.00029249
1.4854 -4.623e-05
1.4852 -0.00033923000000000004
1.485 -0.00016948
1.4848 -4.625e-05
1.4846 -6.174e-05
1.4844 0.0007710400000000001
1.4842 0.00027744
1.484 -0.00053991
1.4838 -0.00070843
1.4836 -0.00053856
1.4834 -0.00020059
1.4832 0.00044733
1.483 0.00016918
1.4828 0.00015392
1.4826 0.00049297
1.4824 0.00066117
1.4822 0.00061568
1.482 -0.00020011
1.4818 -3.075e-05
1.4816 0.0009547799999999999
1.4814 0.00112403
1.4812 0.00113741
1.481 0.00084563
1.4808 -0.00046163000000000004
1.4806 -0.00096894
1.4804 -0.0006775
1.4802 -0.00067816
1.48 -0.00063186
1.4798 -0.00046221
1.4796 -0.00016923
1.4794 0.00096807
1.4792 0.0008448700000000001
1.479 -0.00063088
1.4788 -0.00118581
1.4786 -0.0007074700000000001
1.4784 0.0006151
1.4782 0.00095416
1.478 1.5380000000000002e-05
1.4778 0.00050752
1.4776 0.00035416
1.4774 0.00015384
1.4772 0.00013873
1.477 -0.00032439999999999997
1.4768 -1.543e-05
1.4766 -1.5419999999999998e-05
1.4764 0.0011388099999999999
1.4762 0.00095236
1.476 -3.075e-05
1.4758 0.0007843
1.4756 0.00044547000000000006
1.4754 -3.073e-05
1.4752 -0.00015351
1.475 -0.00081416
1.4748 -0.00019981
1.4746 1.5360000000000002e-05
1.4744 0.00018456
1.4742 0.00124714
1.474 0.0010773900000000001
1.4738 0.00044715
1.4736 0.00060131
1.4734 0.00043124000000000005
1.4732 -4.622e-05
1.473 0.00029246999999999997
1.4728 -0.00049241
1.4726 0.0006457699999999999
1.4724 0.00156776
1.4722 0.00016920000000000002
1.472 0.00016920000000000002
1.4718 -0.00047653
1.4716 -0.00066111
1.4714 -6.157e-05
1.4712 -6.152000000000001e-05
1.471 -0.00083032
1.4708 -0.0008314100000000001
1.4706 -1.539e-05
1.4704 -0.00015371
1.4702 0.00046039999999999997
1.47 0.00049149
1.4698 -0.00047655
1.4696 0.00013842
1.4694 0.00113859
1.4692 0.00116742
1.469 0.00079849
1.4688 0.0001539
1.4686 0.00047693
1.4684 0.00043054000000000004
1.4682 -0.00018501
1.468 -0.00046284
1.4678 -0.00095642
1.4676 -0.0006793299999999999
1.4674 -3.081e-05
1.4672 0.00044616999999999997
1.467 0.00047676999999999995
1.4668 0.00030772
1.4666 0.00027714
1.4664 0.0002773
1.4662 -3.081e-05
1.466 0.00029231
1.4658 0.00046152
1.4656 -0.00047718999999999995
1.4654 0.00012321
1.4652 0.00027727000000000003
1.465 -0.0003393
1.4648 0.00046273
1.4646 0.00061639
1.4644 -0.00032372
1.4642 0.0006471399999999999
1.464 0.00187505
1.4638 0.00090736
1.4636 0.0002773
1.4634 0.0005853
1.4632 0.0007392999999999999
1.463 0.0007384000000000001
1.4628 0.00029227
1.4626 -0.00013847
1.4624 0.00032264
1.4622 0.00027667
1.462 -1.5380000000000002e-05
1.4618 -0.000446
1.4616 -0.00077014
1.4614 -0.0002926
1.4612 -0.00012314999999999998
1.461 0.00046228999999999997
1.4608 0.00033874
1.4606 -0.00013848
1.4604 -3.083e-05
1.4602 0.00012326
1.46 0.0003076
1.4598 -0.00013857
1.4596 -0.00044684
1.4594 -0.00030799
1.4592 0.00029288999999999997
1.459 0.00073976
1.4588 0.00072338
1.4586 0.00029297
1.4584 -0.00032386
1.4582 -0.00018475
1.458 0.00013867
1.4578 -0.00013883
1.4576 -0.00046265
1.4574 -0.00015403999999999998
1.4572 0.00090975
1.457 0.0008792600000000001
1.4568 0.00103088
1.4566 0.00090739
1.4564 0.0007528799999999999
1.4562 0.0006149
1.456 -0.00044657000000000003
1.4558 -0.00049306
1.4556 -0.00035461
1.4554 0.00010779999999999999
1.4552 0.0
1.455 -0.00041527000000000003
1.4548 -0.00013854999999999998
1.4546 -0.00013856
1.4544 3.079e-05
1.4542 0.00044638999999999996
1.454 0.00027698
1.4538 0.00041557
1.4536 0.00103062
1.4534 0.00061463
1.4532 -0.00015391
1.453 -0.00044638999999999996
1.4528 -0.00015376000000000002
1.4526 0.00027671
1.4524 -0.00046136
1.4522 -0.0007691000000000001
1.452 0.00056843
1.4518 0.0008748400000000001
1.4516 0.00029173999999999997
1.4514 -0.0001384
1.4512 0.00044568000000000006
1.451 0.00072216
1.4508 0.00041519
1.4506 0.00070714
1.4504 0.00010752
1.4502 0.00010752
1.45 0.00010773
1.4498 -0.00016942
1.4496 0.00059981
1.4494 0.00032327
1.4492 0.0
1.449 -0.00030719
1.4488 -0.00073848
1.4486 3.0760000000000004e-05
1.4484 0.00090575
1.4482 0.00053836
1.448 -0.00021529
1.4478 9.223e-05
1.4476 -0.00016939
1.4474 0.00039965
1.4472 0.00067532
1.447 -1.5380000000000002e-05
1.4468 0.00013851
1.4466 0.00056859
1.4464 0.0006918100000000001
1.4462 0.00026168000000000003
1.446 0.00026173
1.4458 0.0005693
1.4456 0.00043048
1.4454 0.00039972
1.4452 -0.00015405
1.445 -0.00100288
1.4448 -0.0007404
1.4446 0.0005542699999999999
1.4444 0.00101552
1.4442 0.00069213
1.444 0.00084486
1.4438 0.0006923400000000001
1.4436 0.00013853000000000002
1.4434 0.00043027999999999995
1.4432 0.0012744800000000001
1.443 0.00099628
1.4428 0.00013801000000000002
1.4426 0.00013815
1.4424 0.0
1.4422 0.00027696999999999997
1.442 0.0009693400000000001
1.4418 9.229e-05
1.4416 -0.0009081100000000001
1.4414 0.00026154
1.4412 0.0008147699999999999
1.441 -0.00018479
1.4408 -0.00030851
1.4406 -1.5419999999999998e-05
1.4404 0.00084798
1.4402 0.0009719800000000001
1.44 0.00038566
1.4398 0.00055438
1.4396 0.00083113
1.4394 0.00041562
1.4392 0.00027742
1.439 0.00026207
1.4388 0.00012314
1.4386 0.00012311
1.4384 -3.079e-05
1.4382 -0.00016931999999999998
1.438 -3.079e-05
1.4378 0.00024635
1.4376 -0.00013854999999999998
1.4374 -0.00015395
1.4372 0.00010769000000000001
1.437 0.00053719
1.4368 0.00081325
1.4366 0.00087466
1.4364 0.00085812
1.4362 0.00039911000000000005
1.436 0.00010786
1.4358 0.00036930999999999997
1.4356 0.00096638
1.4354 0.00041456
1.4352 0.0
1.435 0.00030672
1.4348 0.00043029
1.4346 0.00012297
1.4344 -0.00041561
1.4342 -1.5419999999999998e-05
1.434 -1.5399999999999998e-05
1.4338 0.0
1.4336 -0.00013873
1.4334 -0.00041604
1.4332 -0.00029217
1.433 0.00012328
1.4328 0.00037038
1.4326 -4.627e-05
1.4324 -0.00015397
1.4322 0.00012297
1.432 0.00039879
1.4318 0.00055207
1.4316 0.00069062
1.4314 0.0006754599999999999
1.4312 0.000538
1.431 0.0
1.4308 0.00029154
1.4306 0.00055337
1.4304 -0.00013846
1.4302 -0.00016921999999999998
1.43 -1.541e-05
1.4298 0.00112494
1.4296 0.00152509
1.4294 0.00035461
1.4292 -0.00016969999999999998
1.429 -0.00027747
1.4288 0.0005233600000000001
1.4286 0.0013533400000000002
1.4284 0.000292
1.4282 -0.00067729
1.428 0.00027727000000000003
1.4278 0.00012332
1.4276 -0.00013869
1.4274 0.0011076
1.4272 0.00024632
1.427 -0.00043077999999999997
1.4268 0.00053842
1.4266 0.00040025
1.4264 0.00040001
1.4262 0.00039985
1.426 0.00013848
1.4258 -1.537e-05
1.4256 0.00082832
1.4254 0.0015034
1.4252 0.0007981199999999999
1.425 0.00023052
1.4248 0.00012304000000000001
1.4246 0.0008298800000000001
1.4244 0.0013675
1.4242 0.00029179
1.424 -0.0008302800000000001
1.4238 -0.0003078
1.4236 0.00052304
1.4234 0.00039998
1.4232 0.00067732
1.423 0.00052364
1.4228 0.00012316
1.4226 0.00012321
1.4224 0.00013873
1.4222 0.00081748
1.422 0.0010818
1.4218 0.00066466
1.4216 0.00024706
1.4214 -1.5419999999999998e-05
1.4212 0.00026148
1.421 0.0
1.4208 -0.00040009
1.4206 0.0
1.4204 0.001136
1.4202 0.00087609
1.42 -0.00027734
1.4198 0.00012312
1.4196 0.00053848
1.4194 0.00067721
1.4192 0.0008312700000000001
1.419 0.00016925
1.4188 0.00016888
1.4186 0.00015362
1.4184 -0.00015371
1.4182 -0.00029231
1.418 0.0
1.4178 0.00041548
1.4176 0.0
1.4174 0.00041594
1.4172 0.00053945
1.417 0.00040085999999999995
1.4168 0.00043137000000000004
1.4166 0.000277
1.4164 0.00010768
1.4162 -0.00016917
1.416 -0.00018488
1.4158 -0.00018508
1.4156 -0.00041665
1.4154 -0.00029285
1.4152 -0.00032349999999999995
1.415 -0.00073851
1.4148 -0.00047639
1.4146 0.00053782
1.4144 0.00042965999999999995
1.4142 0.0
1.414 0.00087246
1.4138 0.0014833
1.4136 0.00072006
1.4134 -0.00029127
1.4132 -0.00016906
1.413 0.0012950400000000001
1.4128 0.00146597
1.4126 0.00027784
1.4124 -0.00013898
1.4122 0.0
1.412 0.00055582
1.4118 0.00044645
1.4116 0.00030742
1.4114 0.00041474999999999997
1.4112 0.00041444
1.411 0.00041492
1.4108 0.00027643000000000004
1.4106 0.00026107
1.4104 -1.539e-05
1.4102 0.0005538300000000001
1.41 0.0005532800000000001
1.4098 -1.5380000000000002e-05
1.4096 0.00026147
1.4094 -0.00016884
1.4092 -0.00050654
1.409 9.2e-05
1.4088 -0.00013782
1.4086 1.535e-05
1.4084 -0.00029224
1.4082 -0.00104899
1.408 -0.00029415
1.4078 0.0001239
1.4076 0.0005572400000000001
1.4074 0.00029425
1.4072 -0.00029431
1.407 0.0004014
1.4068 0.0006777900000000001
1.4066 0.00113896
1.4064 0.00084563
1.4062 -0.00021534
1.406 0.00010775
1.4058 0.00027731
1.4056 0.00012347
1.4054 0.00012357999999999998
1.4052 0.00041596
1.405 -1.535e-05
1.4048 -0.0007511099999999999
1.4046 -0.00064193
1.4044 -0.00018298999999999998
1.4042 0.0
1.404 0.00032047
1.4038 0.00044387
1.4036 0.00100029
1.4034 0.0008485099999999999
1.4032 0.00024772
1.403 0.00038900999999999996
1.4028 -4.656e-05
1.4026 -3.0969999999999997e-05
1.4024 0.00026281
1.4022 0.00012342
1.402 -0.00044709
1.4018 0.00026139
1.4016 0.0006906900000000001
1.4014 0.00012279
1.4012 0.00053702
1.401 0.00053585
1.4008 -3.065e-05
1.4006 -0.00058277
1.4004 -0.00039985
1.4002 1.5380000000000002e-05
1.4 -0.00013817
1.3998 -0.00046159
1.3996 0.00043009
1.3994 -1.5360000000000002e-05
1.3992 -0.00107966
1.399 0.00027806
1.3988 0.00131361
1.3986 0.0013128200000000001
1.3984 0.0007072399999999999
1.3982 0.0
1.398 -0.00013926
1.3978 0.00013876
1.3976 0.0009718200000000001
1.3974 0.00154097
1.3972 0.00099826
1.397 0.0002759
1.3968 -0.00030649
1.3966 0.00024497
1.3964 0.0007052600000000001
1.3962 -0.00041472000000000004
1.396 -0.0005829100000000001
1.3958 0.00043002
1.3956 0.00043097000000000003
1.3954 0.00013896
1.3952 -0.00015416
1.395 -0.0007399
1.3948 -0.00015439
1.3946 0.00012357
1.3944 0.00012361999999999999
1.3942 0.0005859099999999999
1.394 -0.00015455999999999998
1.3938 -0.0007573100000000001
1.3936 -0.00046384000000000003
1.3934 -0.00018612000000000001
1.3932 0.00024808
1.393 0.00026345
1.3928 0.00038652
1.3926 0.00067862
1.3924 0.0011224
1.3922 0.00085791
1.392 -0.00010680000000000001
1.3918 0.00019799
1.3916 0.00013717999999999998
1.3914 -0.00018317
1.3912 0.00120767
1.391 0.00150479
1.3908 -0.00016931000000000002
1.3906 -0.00062931
1.3904 0.00036993999999999997
1.3902 0.00055691
1.39 0.00041682
1.3898 0.00067759
1.3896 0.00024587000000000003
1.3894 0.00052165
1.3892 0.00096557
1.389 0.00067452
1.3888 0.00039967999999999997
1.3886 0.00040054
1.3884 0.00026137
1.3882 0.00072232
1.388 0.00087424
1.3878 0.00027568
1.3876 0.0001538
1.3874 1.539e-05
1.3872 0.00060046
1.387 0.00044788
1.3868 0.00089644
1.3866 0.00194723
1.3864 0.00165605
1.3862 0.00119245
1.386 0.00101946
1.3858 0.00144592
1.3856 0.00144206
1.3854 0.00082785
1.3852 0.0011312800000000001
1.385 0.00145175
1.3848 0.00044335
1.3846 -0.00016873
1.3844 0.00087728
1.3842 0.00087701
1.384 0.0002933
1.3838 0.0013917299999999999
1.3836 0.00165545
1.3834 0.00088249
1.3832 0.00089703
1.383 0.00106515
1.3828 0.00027854
1.3826 0.00029252
1.3824 9.196e-05
1.3822 0.00042831
1.382 0.00112833
1.3818 0.00172405
1.3816 0.00154648
1.3814 -4.624e-05
1.3812 0.00029314
1.381 0.00080278
1.3808 0.00060245
1.3806 0.00109294
1.3804 0.0009804100000000001
1.3802 0.00064207
1.38 0.00128268
1.3798 0.00232111
1.3796 0.00199485
1.3794 0.00146955
1.3792 0.00128915
1.379 0.00124291
1.3788 0.00088846
1.3786 0.00071747
1.3784 0.00118139
1.3782 0.00044903
1.378 0.00046305
1.3778 0.00120114
1.3776 0.00167574
1.3774 0.00120116
1.3772 0.0007092
1.377 0.00118721
1.3768 0.00151194
1.3766 0.00103188
1.3764 0.00104526
1.3762 0.0016586
1.376 0.0016425600000000002
1.3758 0.00197716
1.3756 0.0015480099999999998
1.3754 0.00118324
1.3752 0.00150678
1.375 0.0013381299999999999
1.3748 0.00130724
1.3746 0.00210188
1.3744 0.0022706799999999997
1.3742 0.0010449300000000001
1.374 0.00010756999999999999
1.3738 0.00073752
1.3736 0.00169077
1.3734 0.00073838
1.3732 0.0013392100000000002
1.373 0.00212336
1.3728 0.00152261
1.3726 0.00198487
1.3724 0.00198397
1.3722 0.0018615300000000001
1.372 0.0020158
1.3718 0.00215261
1.3716 0.00183044
1.3714 0.00104658
1.3712 0.00187528
1.371 0.00287169
1.3708 0.0025473099999999997
1.3706 0.00139898
1.3704 0.00059985
1.3702 0.0013062899999999999
1.37 0.00266314
1.3698 0.0028169
1.3696 0.00212588
1.3694 0.0017752999999999998
1.3692 0.00194911
1.369 0.00193497
1.3688 0.00193331
1.3686 0.00174214
1.3684 0.00121449
1.3682 0.0017635200000000002
1.368 0.00177361
1.3678 0.0021204600000000002
1.3676 0.00338729
1.3674 0.00375757
1.3672 0.0020028000000000003
1.367 0.00058381
1.3668 0.00213815
1.3666 0.00318915
1.3664 0.00351844
1.3662 0.00412229
1.366 0.0032861400000000003
1.3658 0.00343941
1.3656 0.00370815
1.3654 0.00301844
1.3652 0.0030325
1.365 0.00270339
1.3648 0.00325395
1.3646 0.00397605
1.3644 0.00313245
1.3642 0.00298648
1.364 0.00321672
1.3638 0.00271947
1.3636 0.00301773
1.3634 0.0026546599999999997
1.3632 0.00212614
1.363 0.0029641299999999997
1.3628 0.0032408
1.3626 0.00318025
1.3624 0.00347476
1.3622 0.00344196
1.362 0.00346284
1.3618 0.0033620100000000003
1.3616 0.00393816
1.3614 0.00310532
1.3612 0.0031740699999999998
1.361 0.00374324
1.3608 0.0032264700000000004
1.3606 0.00394331
1.3604 0.00428184
1.3602 0.00372697
1.36 0.00314461
1.3598 0.00423607
1.3596 0.00499369
1.3594 0.00425767
1.3592 0.00311436
1.359 0.00282358
1.3588 0.00393544
1.3586 0.00487644
1.3584 0.0053630299999999995
1.3582 0.00549469
1.358 0.00432911
1.3578 0.00383314
1.3576 0.004428039999999999
1.3574 0.0042642999999999995
1.3572 0.00392197
1.357 0.00360843
1.3568 0.0034372200000000004
1.3566 0.0049856
1.3564 0.0063942
1.3562 0.00591239
1.356 0.00498902
1.3558 0.00484634
1.3556 0.00467845
1.3554 0.004678379999999999
1.3552 0.005162900000000001
1.355 0.00529692
1.3548 0.005635210000000001
1.3546 0.00583118
1.3544 0.00599079
1.3542 0.00567791
1.354 0.0053818699999999995
1.3538 0.00552994
1.3536 0.00611649
1.3534 0.006367319999999999
1.3532 0.0070611599999999995
1.353 0.00746919
1.3528 0.0072727799999999995
1.3526 0.00708885
1.3524 0.0069018199999999995
1.3522 0.007184009999999999
1.352 0.00671842
1.3518 0.006552489999999999
1.3516 0.00697468
1.3514 0.007702489999999999
1.3512 0.00810228
1.351 0.00808018
1.3508 0.0077697700000000005
1.3506 0.007783870000000001
1.3504 0.00877048
1.3502 0.00916034
1.35 0.008839050000000001
1.3498 0.00895855
1.3496 0.009275440000000001
1.3494 0.00937155
1.3492 0.00976209
1.349 0.01003339
1.3488 0.010466880000000001
1.3486 0.01145127
1.3484 0.011432709999999999
1.3482 0.01127975
1.348 0.01155816
1.3478 0.01196331
1.3476 0.0119807
1.3474 0.012420720000000001
1.3472 0.012834650000000001
1.347 0.01259408
1.3468 0.01330481
1.3466 0.01382095
1.3464 0.01422264
1.3462 0.01445999
1.346 0.01494163
1.3458 0.01605535
1.3456 0.01600541
1.3454 0.0159299
1.3452 0.01620119
1.345 0.01617081
1.3448 0.017524249999999998
1.3446 0.01889629
1.3444 0.01917084
1.3442 0.01959149
1.344 0.02029108
1.3438 0.020850900000000002
1.3436 0.021963029999999998
1.3434 0.0220801
1.3432 0.02178403
1.343 0.02305406
1.3428 0.023846199999999998
1.3426 0.024370729999999997
1.3424 0.025858150000000003
1.3422 0.026296919999999998
1.342 0.026573479999999997
1.3418 0.02868719
1.3416 0.029721929999999997
1.3414 0.03016743
1.3412 0.03155937
1.341 0.032712979999999996
1.3408 0.03379265
1.3406 0.034868670000000004
1.3404 0.03662364
1.3402 0.03823199
1.34 0.03854545
1.3398 0.03944103
1.3396 0.041446180000000006
1.3394 0.04334349
1.3392 0.04536212
1.339 0.04676418
1.3388 0.048755490000000005
1.3386 0.05112756
1.3384 0.05255584
1.3382 0.05502473
1.338 0.05672506
1.3378 0.05895554
1.3376 0.06178602
1.3374 0.06387717
1.3372 0.06670238
1.337 0.0694598
1.3368 0.07212364
1.3366 0.07455348
1.3364 0.07765506
1.3362 0.08145322
1.336 0.08280139
1.3358 0.08559231
1.3356 0.09122431
1.3354 0.09477334000000001
1.3352 0.09857532000000001
1.335 0.10383703999999999
1.3348 0.10834341
1.3346 0.1129468
1.3344 0.11814728000000001
1.3342 0.12259312
1.334 0.12735754
1.3338 0.13414502
1.3336 0.14031996
1.3334 0.14619709
1.3332 0.15358684
1.333 0.15974785
1.3328 0.16720331000000002
1.3326 0.17552814000000003
1.3324 0.18270422
1.3322 0.19122803000000002
1.332 0.20013596
1.3318 0.20858103
1.3316 0.21851357
1.3314 0.22932186000000002
1.3312 0.2389962
1.331 0.24960894
1.3308 0.26348566
1.3306 0.27480209
1.3304 0.28495441
1.3302 0.29900562
1.33 0.31086033
1.3298 0.32469043999999997
1.3296 0.34152695
1.3294 0.35385178000000006
1.3292 0.36878223
1.329 0.38584839000000004
1.3288 0.40082458000000004
1.3286 0.41887127
1.3284 0.43678890000000004
1.3282 0.45266326999999995
1.328 0.46815933
1.3278 0.48639729000000004
1.3276 0.50599091
1.3274 0.52386879
1.3272 0.5437768599999999
1.327 0.56108982
1.3268 0.57917988
1.3266 0.60032902
1.3264 0.61627384
1.3262 0.63138748
1.326 0.64844719
1.3258 0.6663871
1.3256 0.68523651
1.3254 0.7012793
1.3252 0.7182878100000001
1.325 0.7344253500000001
1.3248 0.7475482200000001
1.3246 0.76426186
1.3244 0.77743462
1.3242 0.7867929100000001
1.324 0.79924431
1.3238 0.81256569
1.3236 0.82345848
1.3234 0.83296143
1.3232 0.84212234
1.323 0.84913544
1.3228 0.85611885
1.3226 0.8654215999999999
1.3224 0.8708222999999999
1.3222 0.8751399999999999
1.322 0.87964928
1.3218 0.8821929199999999
1.3216 0.8854534900000001
1.3214 0.8895907599999999
1.3212 0.89177673
1.321 0.89330383
1.3208 0.89598633
1.3206 0.8958216899999999
1.3204 0.8952714500000001
1.3202 0.8950301399999999
1.32 0.8939929200000001
1.3198 0.89255836
1.3196 0.89373993
1.3194 0.89130478
1.3192 0.8882543900000001
1.319 0.8882317399999999
1.3188 0.88606026
1.3186 0.88254791
1.3184 0.88180367
1.3182 0.88178185
1.318 0.8792676500000001
1.3178 0.87663017
1.3176 0.87322845
1.3174 0.87076019
1.3172 0.8696015199999999
1.317 0.86732445
1.3168 0.86503822
1.3166 0.86352409
1.3164 0.86223022
1.3162 0.85971832
1.316 0.8574805499999999
1.3158 0.85642403
1.3156 0.8531356800000001
1.3154 0.85051575
1.3152 0.8500971199999999
1.315 0.8482235699999999
1.3148 0.84754898
1.3146 0.84723854
1.3144 0.84457848
1.3142 0.84357796
1.314 0.84291618
1.3138 0.84055466
1.3136 0.83893494
1.3134 0.8384574100000001
1.3132 0.83792191
1.313 0.83744659
1.3128 0.8355987500000001
1.3126 0.83550583
1.3124 0.83536491
1.3122 0.8337394
1.312 0.8330896
1.3118 0.83421638
1.3116 0.83564072
1.3114 0.83468575
1.3112 0.8349953499999999
1.311 0.8355162
1.3108 0.8339820899999999
1.3106 0.83469643
1.3104 0.83715515
1.3102 0.8372079499999999
1.31 0.83805634
1.3098 0.83959366
1.3096 0.8389827
1.3094 0.83828552
1.3092 0.83783203
1.309 0.83726898
1.3088 0.83829391
1.3086 0.84098465
1.3084 0.84177368
1.3082 0.8417630800000001
1.308 0.8427178999999999
1.3078 0.84373497
1.3076 0.84257095
1.3074 0.84384811
1.3072 0.8448555799999999
1.307 0.8451610599999999
1.3068 0.8479605100000001
1.3066 0.84690529
1.3064 0.84784851
1.3062 0.84934998
1.306 0.84866516
1.3058 0.8503142499999999
1.3056 0.85243889
1.3054 0.85352188
1.3052 0.85393715
1.305 0.85510429
1.3048 0.85535576
1.3046 0.8556144
1.3044 0.8576529700000001
1.3042 0.8586355600000001
1.304 0.8585747499999999
1.3038 0.85925056
1.3036 0.85942459
1.3034 0.85940308
1.3032 0.8602755000000001
1.303 0.86055008
1.3028 0.86163521
1.3026 0.8636410499999999
1.3024 0.86478539
1.3022 0.86639694
1.302 0.86576492
1.3018 0.86473877
1.3016 0.86497124
1.3014 0.8655845600000001
1.3012 0.86749817
1.301 0.86789528
1.3008 0.86896935
1.3006 0.86924774
1.3004 0.8683679200000001
1.3002 0.8679511999999999
1.3 0.8679981999999999
1.2998 0.86921173
1.2996 0.8693631
1.2994 0.8697687500000001
1.2992 0.8702976200000001
1.299 0.86945915
1.2988 0.86937912
1.2986 0.86998688
1.2984 0.8724087500000001
1.2982 0.8738571199999999
1.298 0.87289864
1.2978 0.87322952
1.2976 0.8737732699999999
1.2974 0.87340126
1.2972 0.8735989399999999
1.297 0.8743325
1.2968 0.8744931
1.2966 0.87487488
1.2964 0.87398506
1.2962 0.87444565
1.296 0.87514313
1.2958 0.8745043200000001
1.2956 0.8739829299999999
1.2954 0.87269714
1.2952 0.87341042
1.295 0.8756154600000001
1.2948 0.87520561
1.2946 0.87562149
1.2944 0.87737968
1.2942 0.8772754700000001
1.294 0.876735
1.2938 0.8775029000000001
1.2936 0.87961861
1.2934 0.8808165
1.2932 0.8812791400000001
1.293 0.8819989800000001
1.2928 0.8814716300000001
1.2926 0.8807880400000001
1.2924 0.8803014400000001
1.2922 0.8814479799999999
1.292 0.88400864
1.2918 0.8839145700000001
1.2916 0.8828740700000001
1.2914 0.8846624
1.2912 0.88503029
1.291 0.88318405
1.2908 0.88508492
1.2906 0.8859606200000001
1.2904 0.88532387
1.2902 0.8872106200000001
1.29 0.88751762
1.2898 0.88729309
1.2896 0.88901917
1.2894 0.88786354
1.2892 0.88776588
1.289 0.89157837
1.2888 0.89183914
1.2886 0.8916907500000001
1.2884 0.8940972899999999
1.2882 0.89379539
1.288 0.89336304
1.2878 0.89477097
1.2876 0.8955526
1.2874 0.89691772
1.2872 0.9005633500000001
1.287 0.9011377
1.2868 0.89788353
1.2866 0.89829453
1.2864 0.900065
1.2862 0.9006256100000001
1.286 0.90318924
1.2858 0.9056426999999999
1.2856 0.9058123
1.2854 0.90426125
1.2852 0.9034532900000001
1.285 0.9050149500000001
1.2848 0.90711716
1.2846 0.90835495
1.2844 0.9102957899999999
1.2842 0.91142715
1.284 0.9113987
1.2838 0.91102463
1.2836 0.91011108
1.2834 0.9115976
1.2832 0.91360329
1.283 0.91425217
1.2828 0.91575203
1.2826 0.91528809
1.2824 0.9139363899999999
1.2822 0.91425697
1.282 0.9147222899999999
1.2818 0.9172309900000001
1.2816 0.92017769
1.2814 0.9208722699999999
1.2812 0.92130714
1.281 0.92100479
1.2808 0.92018303
1.2806 0.9196711000000001
1.2804 0.9210477400000001
1.2802 0.9239720199999999
1.28 0.9255785400000001
1.2798 0.92585693
1.2796 0.9249795500000001
1.2794 0.92453789
1.2792 0.92551079
1.279 0.9256378200000001
1.2788 0.9256686399999999
1.2786 0.92890182
1.2784 0.9294576999999999
1.2782 0.92773689
1.278 0.92848152
1.2778 0.92806557
1.2776 0.92716133
1.2774 0.93012527
1.2772 0.93120033
1.277 0.92976845
1.2768 0.93035202
1.2766 0.9291798400000001
1.2764 0.92738586
1.2762 0.9293093899999999
1.276 0.9294342
1.2758 0.9282444
1.2756 0.93179092
1.2754 0.93247536
1.2752 0.93199203
1.275 0.93313271
1.2748 0.9307153300000001
1.2746 0.9296984899999999
1.2744 0.93185753
1.2742 0.93222717
1.274 0.9328679700000001
1.2738 0.9351746400000001
1.2736 0.93273422
1.2734 0.93012863
1.2732 0.93097954
1.273 0.92950645
1.2728 0.92965546
1.2726 0.9330123899999999
1.2724 0.93274696
1.2722 0.9316347500000001
1.272 0.93225792
1.2718 0.93090469
1.2716 0.92991554
1.2714 0.93015732
1.2712 0.92955284
1.271 0.92958015
1.2708 0.9295928999999999
1.2706 0.92805931
1.2704 0.9275829299999999
1.2702 0.92829803
1.27 0.92801163
1.2698 0.92668999
1.2696 0.92619919
1.2694 0.9279433400000001
1.2692 0.9278569799999999
1.269 0.9267411
1.2688 0.92621033
1.2686 0.92450577
1.2684 0.92481956
1.2682 0.92448662
1.268 0.92309235
1.2678 0.9230750999999999
1.2676 0.92330414
1.2674 0.92181442
1.2672 0.92109314
1.267 0.92093338
1.2668 0.91964478
1.2666 0.91848511
1.2664 0.91915504
1.2662 0.91827255
1.266 0.91793289
1.2658 0.92035667
1.2656 0.91871078
1.2654 0.91575012
1.2652 0.9161676
1.265 0.9147465499999999
1.2648 0.9128051
1.2646 0.9152594000000001
1.2644 0.91465225
1.2642 0.91289421
1.264 0.91326515
1.2638 0.9112509900000001
1.2636 0.9087809
1.2634 0.9104666899999999
1.2632 0.9090038300000001
1.263 0.90601517
1.2628 0.9090423599999999
1.2626 0.9083393100000001
1.2624 0.9043027499999999
1.2622 0.90555008
1.262 0.90421936
1.2618 0.90193275
1.2616 0.90376083
1.2614 0.9020307200000001
1.2612 0.90081688
1.261 0.90211716
1.2608 0.89981796
1.2606 0.89797905
1.2604 0.89784943
1.2602 0.89614716
1.26 0.89545013
1.2598 0.89729553
1.2596 0.8966379499999999
1.2594 0.89397308
1.2592 0.89310013
1.259 0.89222809
1.2588 0.89148972
1.2586 0.8911108400000001
1.2584 0.8890596
1.2582 0.88803749
1.258 0.8888615400000001
1.2578 0.8874478100000001
1.2576 0.88495041
1.2574 0.88366249
1.2572 0.8834877
1.257 0.88193184
1.2568 0.8814534
1.2566 0.8817180600000001
1.2564 0.8802324699999999
1.2562 0.8789389799999999
1.256 0.87764328
1.2558 0.87780411
1.2556 0.87880684
1.2554 0.8778685799999999
1.2552 0.87670723
1.255 0.87636673
1.2548 0.8753338599999999
1.2546 0.87346901
1.2544 0.87236877
1.2542 0.8728853599999999
1.254 0.8713813
1.2538 0.8698157500000001
1.2536 0.8716311600000001
1.2534 0.87098465
1.2532 0.8708049800000001
1.253 0.8705986
1.2528 0.86899231
1.2526 0.86773758
1.2524 0.86662781
1.2522 0.8653518699999999
1.252 0.86436531
1.2518 0.86621414
1.2516 0.86565704
1.2514 0.86350479
1.2512 0.86400711
1.251 0.86362701
1.2508 0.86224266
1.2506 0.86347076
1.2504 0.8620412399999999
1.2502 0.86055054
1.25 0.8628639200000001
1.2498 0.8611834
1.2496 0.85959091
1.2494 0.86220352
1.2492 0.86115738
1.249 0.85950958
1.2488 0.86068558
1.2486 0.86020264
1.2484 0.85955307
1.2482 0.86049171
1.248 0.86002663
1.2478 0.8583103900000001
1.2476 0.85985176
1.2474 0.8602692399999999
1.2472 0.8602566500000001
1.247 0.86264214
1.2468 0.86042671
1.2466 0.85876572
1.2464 0.8597219800000001
1.2462 0.85929321
1.246 0.8598106400000001
1.2458 0.86046867
1.2456 0.8604072600000001
1.2454 0.85986763
1.2452 0.8590216100000001
1.245 0.85769165
1.2448 0.85735939
1.2446 0.85989998
1.2444 0.8617572
1.2442 0.8609380299999999
1.244 0.86077011
1.2438 0.86064095
1.2436 0.85892708
1.2434 0.85924789
1.2432 0.86114319
1.243 0.86129082
1.2428 0.8612094100000001
1.2426 0.86260147
1.2424 0.8632225
1.2422 0.8631353
1.242 0.86198563
1.2418 0.8608298499999999
1.2416 0.8620629099999999
1.2414 0.8645134
1.2412 0.8640705099999999
1.241 0.8631137099999999
1.2408 0.8653031900000001
1.2406 0.86460556
1.2404 0.8618206
1.2402 0.8637069700000001
1.24 0.86480621
1.2398 0.86444572
1.2396 0.8663146999999999
1.2394 0.86477127
1.2392 0.86206367
1.239 0.86331871
1.2388 0.8625921599999999
1.2386 0.86097237
1.2384 0.8647600599999999
1.2382 0.86494667
1.238 0.86310532
1.2378 0.86451759
1.2376 0.86330162
1.2374 0.86077972
1.2372 0.86258118
1.237 0.86286209
1.2368 0.86214317
1.2366 0.8654148899999999
1.2364 0.8629503599999999
1.2362 0.85989487
1.236 0.86261292
1.2358 0.8604692799999999
1.2356 0.8567620100000001
1.2354 0.85940956
1.2352 0.86122597
1.235 0.85975578
1.2348 0.8600228099999999
1.2346 0.8587936399999999
1.2344 0.8560906199999999
1.2342 0.85688812
1.234 0.85769127
1.2338 0.8559977000000001
1.2336 0.85597839
1.2334 0.8560900100000001
1.2332 0.85454849
1.233 0.8527372
1.2328 0.85115906
1.2326 0.84997192
1.2324 0.84970123
1.2322 0.85056343
1.232 0.8493927800000001
1.2318 0.84749405
1.2316 0.84748711
1.2314 0.84534882
1.2312 0.84260475
1.231 0.8431913799999999
1.2308 0.84249298
1.2306 0.84256554
1.2304 0.84423576
1.2302 0.84231453
1.23 0.83991531
1.2298 0.83910278
1.2296 0.83695839
1.2294 0.83512024
1.2292 0.83615173
1.229 0.83655365
1.2288 0.8356003599999999
1.2286 0.83443588
1.2284 0.83232536
1.2282 0.8291359699999999
1.228 0.83058556
1.2278 0.83158264
1.2276 0.82997612
1.2274 0.83098427
1.2272 0.83001579
1.227 0.82826721
1.2268 0.82780197
1.2266 0.8259611499999999
1.2264 0.82418358
1.2262 0.82683151
1.226 0.82714867
1.2258 0.8243613399999999
1.2256 0.8240724199999999
1.2254 0.82297325
1.2252 0.8211964399999999
1.225 0.82131424
1.2248 0.82055145
1.2246 0.81921738
1.2244 0.8204609700000001
1.2242 0.8197915600000001
1.224 0.81860146
1.2238 0.82042641
1.2236 0.8186281599999999
1.2234 0.81644249
1.2232 0.81728302
1.223 0.81931473
1.2228 0.82013916
1.2226 0.81971519
1.2224 0.81832535
1.2222 0.8175843
1.222 0.81894524
1.2218 0.8202297199999999
1.2216 0.82058022
1.2214 0.82065239
1.2212 0.8209214
1.221 0.8209249900000001
1.2208 0.82120346
1.2206 0.8211371599999999
1.2204 0.82164902
1.2202 0.82271217
1.22 0.8247821000000001
1.2198 0.8246058700000001
1.2196 0.82445778
1.2194 0.82453598
1.2192 0.82314064
1.219 0.82452507
1.2188 0.82824585
1.2186 0.8292495
1.2184 0.82777679
1.2182 0.8303749100000001
1.218 0.8322325100000001
1.2178 0.8321573600000001
1.2176 0.83317368
1.2174 0.83392418
1.2172 0.83542839
1.217 0.83794525
1.2168 0.83947411
1.2166 0.84007904
1.2164 0.84096649
1.2162 0.8404813400000001
1.216 0.84214882
1.2158 0.8456875599999999
1.2156 0.8469760100000001
1.2154 0.8480207799999999
1.2152 0.85065399
1.215 0.84983109
1.2148 0.85007797
1.2146 0.8522229
1.2144 0.85246376
1.2142 0.8541065999999999
1.214 0.8573936500000001
1.2138 0.8584588599999999
1.2136 0.85827492
1.2134 0.8600914000000001
1.2132 0.8601486199999999
1.213 0.8602829
1.2128 0.8642623899999999
1.2126 0.8661258700000001
1.2124 0.86594315
1.2122 0.8693360099999999
1.212 0.86974564
1.2118 0.86836044
1.2116 0.87116333
1.2114 0.8715892
1.2112 0.87099243
1.211 0.8742960399999999
1.2108 0.87503372
1.2106 0.8734948
1.2104 0.87541183
1.2102 0.8763963300000001
1.21 0.87646484
1.2098 0.87849785
1.2096 0.87891533
1.2094 0.87884438
1.2092 0.87937515
1.209 0.87842606
1.2088 0.8768332700000001
1.2086 0.87792717
1.2084 0.87800934
1.2082 0.8772055799999999
1.208 0.87732765
1.2078 0.87797501
1.2076 0.87772552
1.2074 0.87670265
1.2072 0.8757357
1.207 0.87567154
1.2068 0.87711922
1.2066 0.87673012
1.2064 0.8737866200000001
1.2062 0.87311264
1.206 0.87528252
1.2058 0.87205597
1.2056 0.8695290400000001
1.2054 0.8716468
1.2052 0.8701898199999999
1.205 0.86803764
1.2048 0.86783096
1.2046 0.86561325
1.2044 0.86416336
1.2042 0.8641178100000001
1.204 0.8613075299999999
1.2038 0.8599486500000001
1.2036 0.86233772
1.2034 0.86077805
1.2032 0.8565553300000001
1.203 0.85739227
1.2028 0.8561319000000001
1.2026 0.8520262099999999
1.2024 0.85263649
1.2022 0.85228729
1.202 0.8498933399999999
1.2018 0.84882484
1.2016 0.84634491
1.2014 0.84389053
1.2012 0.84419014
1.201 0.8430300900000001
1.2008 0.84047173
1.2006 0.84081993
1.2004 0.84023277
1.2002 0.83688225
1.2 0.83600807
1.1998 0.8353152500000001
1.1996 0.83311104
1.1994 0.83399742
1.1992 0.83340874
1.199 0.8308728000000001
1.1988 0.8301486199999999
1.1986 0.82870026
1.1984 0.82684296
1.1982 0.82711067
1.198 0.82606735
1.1978 0.82403862
1.1976 0.82551353
1.1974 0.82525734
1.1972 0.82347183
1.197 0.8228751400000001
1.1968 0.82211884
1.1966 0.82025604
1.1964 0.82088051
1.1962 0.8224301900000001
1.196 0.8217481200000001
1.1958 0.8215147399999999
1.1956 0.8196519499999999
1.1954 0.8182313499999999
1.1952 0.81832718
1.195 0.81938095
1.1948 0.81808037
1.1946 0.8173365
1.1944 0.8187225300000001
1.1942 0.8182897199999999
1.194 0.81786232
1.1938 0.8189330300000001
1.1936 0.8181008900000001
1.1934 0.8173953199999999
1.1932 0.81846581
1.193 0.8175857499999999
1.1928 0.81803207
1.1926 0.82075134
1.1924 0.8203746
1.1922 0.81793922
1.192 0.81854942
1.1918 0.81901329
1.1916 0.8190920300000001
1.1914 0.8200290699999999
1.1912 0.82066696
1.191 0.82096786
1.1908 0.8207418099999999
1.1906 0.81946434
1.1904 0.8190685999999999
1.1902 0.82061493
1.19 0.8207505
1.1898 0.8205841100000001
1.1896 0.8223996699999999
1.1894 0.8218448600000001
1.1892 0.81992943
1.189 0.82020416
1.1888 0.81917061
1.1886 0.81742928
1.1884 0.82014641
1.1882 0.82120522
1.188 0.81933228
1.1878 0.8205207099999999
1.1876 0.8207425700000001
1.1874 0.81851112
1.1872 0.8176360300000001
1.187 0.81527969
1.1868 0.8135386699999999
1.1866 0.81611794
1.1864 0.8163557400000001
1.1862 0.8134234600000001
1.186 0.8126288599999999
1.1858 0.8117857399999999
1.1856 0.8098535200000001
1.1854 0.80937958
1.1852 0.8081722299999999
1.185 0.80801544
1.1848 0.80793228
1.1846 0.80627083
1.1844 0.8031053199999999
1.1842 0.80159607
1.184 0.8018061799999999
1.1838 0.80140518
1.1836 0.8019236
1.1834 0.80240891
1.1832 0.80153824
1.183 0.7990140499999999
1.1828 0.79793335
1.1826 0.79606972
1.1824 0.79345116
1.1822 0.79322258
1.182 0.7926753200000001
1.1818 0.79151505
1.1816 0.79176544
1.1814 0.79059494
1.1812 0.78908325
1.181 0.7893073300000001
1.1808 0.78816475
1.1806 0.7871408099999999
1.1804 0.7879711899999999
1.1802 0.78828918
1.18 0.78752647
1.1798 0.7873484000000001
1.1796 0.7859847999999999
1.1794 0.78413536
1.1792 0.7851772300000001
1.179 0.7860077699999999
1.1788 0.7863477299999999
1.1786 0.78739113
1.1784 0.7881958
1.1782 0.7884201000000001
1.178 0.78986786
1.1778 0.79017136
1.1776 0.7899771099999999
1.1774 0.7925604199999999
1.1772 0.79424919
1.177 0.7949739800000001
1.1768 0.79656761
1.1766 0.7998661800000001
1.1764 0.80172676
1.1762 0.80265091
1.176 0.80471298
1.1758 0.8065737199999999
1.1756 0.81005707
1.1754 0.81323059
1.1752 0.81427567
1.175 0.8170374300000001
1.1748 0.81940796
1.1746 0.81893921
1.1744 0.8216275799999999
1.1742 0.8250707199999999
1.174 0.82710098
1.1738 0.82877106
1.1736 0.82958649
1.1734 0.8302478000000001
1.1732 0.83169136
1.173 0.8320275100000001
1.1728 0.83135963
1.1726 0.8319553399999999
1.1724 0.8313014200000001
1.1722 0.8299736
1.172 0.82824516
1.1718 0.8256819900000001
1.1716 0.8208696000000001
1.1714 0.8163567399999999
1.1712 0.81297768
1.171 0.8098941000000001
1.1708 0.8045701599999999
1.1706 0.79640144
1.1704 0.7870313299999999
1.1702 0.77660172
1.17 0.76684776
1.1698 0.7557016
1.1696 0.7435128799999999
1.1694 0.7319103200000001
1.1692 0.71861259
1.169 0.7063434599999999
1.1688 0.6927034000000001
1.1686 0.67237045
1.1684 0.65537064
1.1682 0.6398370400000001
1.168 0.62048622
1.1678 0.6052541
1.1676 0.587747
1.1674 0.56795414
1.1672 0.5514175
1.167 0.53094788
1.1668 0.51092571
1.1666 0.4905545
1.1664 0.47320929999999994
1.1662 0.45798004
1.166 0.43718594000000005
1.1658 0.42126038
1.1656 0.40419964
1.1654 0.38605194
1.1652 0.37237461000000005
1.165 0.35405731
1.1648 0.33812408
1.1646 0.32326569
1.1644 0.30681515000000004
1.1642 0.29373213
1.164 0.28095148
1.1638 0.26872559
1.1636 0.25480417
1.1634 0.24169191
1.1632 0.23065617
1.163 0.21962982
1.1628 0.21039391
1.1626 0.20092524999999997
1.1624 0.19054048999999998
1.1622 0.18251463
1.162 0.17497803
1.1618 0.16526613
1.1616 0.15779352
1.1614 0.15020177
1.1612 0.14193005
1.161 0.13652665
1.1608 0.13016462
1.1606 0.12314651
1.1604 0.11868325
1.1602 0.11347328
1.16 0.10716475
1.1598 0.10281082
1.1596 0.09837428
1.1594 0.09278342
1.1592 0.08898826
1.159 0.08580698
1.1588 0.0808897
1.1586 0.07763616
1.1584 0.07513432
1.1582 0.07111819
1.158 0.06871273
1.1578 0.06589178000000001
1.1576 0.06208345
1.1574 0.05941131
1.1572 0.05664714
1.157 0.054620800000000004
1.1568 0.052397200000000005
1.1566 0.04973639999999999
1.1564 0.047820419999999995
1.1562 0.04607874
1.156 0.044116989999999995
1.1558 0.04217084
1.1556 0.040939819999999995
1.1554 0.03949167
1.1552 0.03730607
1.155 0.03600071
1.1548 0.03509067
1.1546 0.0336956
1.1544 0.03230538
1.1542 0.03082937
1.154 0.0295612
1.1538 0.02822521
1.1536 0.02660589
1.1534 0.025701779999999997
1.1532 0.02501863
1.153 0.024700259999999998
1.1528 0.02356996
1.1526 0.02170026
1.1524 0.02121522
1.1522 0.02066543
1.152 0.019686369999999998
1.1518 0.01873892
1.1516 0.01805534
1.1514 0.01756174
1.1512 0.01703408
1.151 0.01624557
1.1508 0.01566427
1.1506 0.01532224
1.1504 0.01441945
1.1502 0.01341038
1.15 0.01342004
1.1498 0.013184439999999999
1.1496 0.01175036
1.1494 0.01121205
1.1492 0.01124111
1.149 0.01066974
1.1488 0.010373680000000001
1.1486 0.010036560000000002
1.1484 0.01000892
1.1482 0.009449530000000001
1.148 0.00855456
1.1478 0.00879297
1.1476 0.00858651
1.1474 0.008132430000000001
1.1472 0.00814734
1.147 0.00714657
1.1468 0.0064612
1.1466 0.00634462
1.1464 0.0062553899999999996
1.1462 0.0061610200000000006
1.146 0.005597649999999999
1.1458 0.0061673100000000005
1.1456 0.0059621000000000006
1.1454 0.0050558
1.1452 0.00496451
1.145 0.0048386
1.1448 0.00414832
1.1446 0.00441045
1.1444 0.0047604200000000004
1.1442 0.00383214
1.144 0.00395081
1.1438 0.00406488
1.1436 0.00362026
1.1434 0.00316357
1.1432 0.00327311
1.143 0.0029479
1.1428 0.0024737400000000003
1.1426 0.00272202
1.1424 0.00250271
1.1422 0.00271569
1.142 0.00329636
1.1418 0.00318968
1.1416 0.0028560400000000002
1.1414 0.00264291
1.1412 0.0028580800000000003
1.141 0.00207602
1.1408 0.0011845
1.1406 0.00185999
1.1404 0.00207758
1.1402 0.0017552000000000002
1.14 0.00118488
1.1398 0.0012017500000000001
1.1396 0.00130956
1.1394 0.001633
1.1392 0.00175763
1.139 0.00189226
1.1388 0.00189022
1.1386 0.00143089
1.1384 0.0012003600000000001
1.1382 0.0005379
1.138 0.00098365
1.1378 0.0017829500000000002
1.1376 0.00155293
1.1374 0.0008302800000000001
1.1372 0.00095195
1.137 0.00153457
1.1368 0.0014280200000000001
1.1366 0.0014599500000000002
1.1364 0.00155178
1.1362 0.0016889000000000001
1.136 0.00124435
1.1358 0.00039986
1.1356 0.00099979
1.1354 0.00121564
1.1352 0.0005542500000000001
1.135 0.0008008999999999999
1.1348 0.00089455
1.1346 0.00098721
1.1344 0.00064709
1.1342 9.252e-05
1.134 9.25e-05
1.1338 9.242e-05
1.1336 9.244e-05
1.1334 0.00018488999999999997
1.1332 0.00064727
1.133 0.0010004200000000001
1.1328 0.00112149
1.1326 0.00043002
1.1324 0.00030714
1.1322 0.00066001
1.132 0.00019963
1.1318 9.221e-05
1.1316 0.00019988
1.1314 0.00021496999999999998
1.1312 0.00033742
1.131 0.00044496
1.1308 0.00044548
1.1306 -3.078e-05
1.1304 0.00021534
1.1302 0.00033849
1.13 -0.00046235
1.1298 -0.00024633
1.1296 0.00021541
1.1294 0.00044606
1.1292 0.00033849
1.129 9.237999999999999e-05
1.1288 0.00067746
1.1286 0.0009242899999999999
1.1284 0.00067749
1.1282 7.698e-05
1.128 -3.075e-05
1.1278 0.00059849
1.1276 0.0008302299999999999
1.1274 0.00070781
1.1272 9.226e-05
1.127 0.0
1.1268 0.00047712
1.1266 0.00035352
1.1264 -1.535e-05
1.1262 0.0005834799999999999
1.126 0.00012282
1.1258 -0.0007220600000000001
1.1256 -1.537e-05
1.1254 0.0009369900000000001
1.1252 0.00116712
1.125 0.00046081
1.1248 0.00023045
1.1246 -0.00024603
1.1244 -0.00024626
1.1242 0.00061515
1.124 0.00023088
1.1238 0.00046149999999999994
1.1236 0.00081383
1.1234 -0.00043027999999999995
1.1232 -0.0007677399999999999
1.123 -0.00050664
1.1228 -0.00015365
1.1226 0.00023046
1.1224 0.00012307
1.1222 0.00086186
1.122 0.00073806
1.1218 -0.00023056
1.1216 0.00012316
1.1214 0.00024660999999999997
1.1212 0.00050809
1.121 0.00110888
1.1208 0.00110775
1.1206 0.00026104
1.1204 -0.0002458
1.1202 9.209000000000001e-05
1.12 0.00035305000000000004
1.1198 0.0002611
1.1196 0.0
1.1194 0.00021461
1.1192 -0.00016878
1.119 -0.0001227
1.1188 0.00036762000000000003
1.1186 -1.533e-05
1.1184 -0.00055271
1.1182 -0.0003072
1.118 -1.535e-05
1.1178 1.534e-05
1.1176 0.0004906400000000001
1.1174 0.00047579999999999996
1.1172 0.00024562
1.117 3.069e-05
1.1168 -0.00035333
1.1166 0.00038387999999999996
1.1164 0.00101243
1.1162 0.00063008
1.116 -1.5380000000000002e-05
1.1158 -1.5360000000000002e-05
1.1156 0.0005224299999999999
1.1154 0.00067636
1.1152 0.00055307
1.115 0.0009063799999999999
1.1148 0.00101468
1.1146 0.00035353
1.1144 -3.073e-05
1.1142 0.00010751
1.114 0.00036833
1.1138 0.00076765
1.1136 0.0003231
1.1134 -1.537e-05
1.1132 1.535e-05
1.113 -0.00052221
1.1128 0.0
1.1126 0.00036772
1.1124 0.0006592299999999999
1.1122 0.00108837
1.112 0.00029166
1.1118 -1.537e-05
1.1116 -0.00041487999999999996
1.1114 -0.00029224
1.1112 -0.00027682
1.111 -1.534e-05
1.1108 0.00076674
1.1106 0.00036894000000000006
1.1104 0.00023087
1.1102 0.00049252
1.11 0.00049185
1.1098 0.00023057999999999998
1.1096 0.00036922
1.1094 0.00040035
1.1092 -0.00029291
1.109 -0.00030836
1.1088 0.00023144000000000002
1.1086 0.00063174
1.1084 0.00053775
1.1082 0.000123
1.108 -0.00046115
1.1078 -0.00044442
1.1076 0.0006742499999999999
1.1074 0.00026068
1.1072 0.00082691
1.107 0.00079692
1.1068 -0.00030664
1.1066 0.00029093
1.1064 0.0
1.1062 -3.069e-05
1.106 0.00065911
1.1058 0.00104396
1.1056 0.00104586
1.1054 0.00118283
1.1052 0.00078324
1.105 -1.5360000000000002e-05
1.1048 -0.0004299
1.1046 -0.00043019
1.1044 0.00012308
1.1042 0.00010775
1.104 -0.00070851
1.1038 -0.00039995000000000005
1.1036 0.00069052
1.1034 0.00081459
1.1032 -1.5380000000000002e-05
1.103 0.0
1.1028 0.00083137
1.1026 0.00043125
1.1024 0.00015391
1.1022 0.00023092000000000002
1.102 -0.00016944
1.1018 3.0720000000000004e-05
1.1016 0.00041436
1.1014 0.00052232
1.1012 0.0006600499999999999
1.101 0.0008288
1.1008 0.0006909700000000001
1.1006 0.00055171
1.1004 0.00041422000000000003
1.1002 0.00012291
1.1 -0.00030726
1.0998 -0.00058491
1.0996 -1.5399999999999998e-05
1.0994 0.00055343
1.0992 0.00039974000000000005
1.099 -0.00043039
1.0988 -0.00042977
1.0986 0.0001228
1.0984 -0.00016896
1.0982 -0.00016919
1.098 0.00012312
1.0978 -0.00057007
1.0976 -0.00083155
1.0974 -0.00041480000000000005
1.0972 -0.00047673
1.097 -0.00018449
1.0968 1.537e-05
1.0966 -0.00029204000000000003
1.0964 -0.00013847
1.0962 1.541e-05
1.096 1.539e-05
1.0958 -0.00027688
1.0956 0.00026136
1.0954 0.0007063999999999999
1.0952 -0.0005219900000000001
1.095 -0.00041483
1.0948 0.00056813
1.0946 0.00015361
1.0944 -0.00043052
1.0942 -0.00013826
1.094 0.00044481
1.0938 -0.0005371800000000001
1.0936 -0.00139865
1.0934 -0.0005682
1.0932 -0.00029182
1.093 -0.00013848
1.0928 0.00026143
1.0926 0.00029155
1.0924 0.00015334
1.0922 1.532e-05
1.092 0.00030685
1.0918 0.00067565
1.0916 0.0002152
1.0914 0.0003535
1.0912 0.00127323
1.091 0.00030698
1.0908 -0.00043033000000000004
1.0906 0.00050778
1.0904 0.00066133
1.0902 0.00026135
1.09 0.00040013
1.0898 0.00069254
1.0896 0.00124306
1.0894 0.00027636999999999996
1.0892 -0.00069197
1.089 -0.00030702
1.0888 9.218e-05
1.0886 0.00083
1.0884 0.0007058300000000001
1.0882 0.00012278000000000001
1.088 -0.00041461
1.0878 -1.534e-05
1.0876 0.00095081
1.0874 0.00082905
1.0872 0.00098116
1.087 0.0008440699999999999
1.0868 0.00095291
1.0866 0.00109001
1.0864 0.00038377
1.0862 0.00082838
1.086 0.00096613
1.0858 0.00038399
1.0856 -0.00041472000000000004
1.0854 -0.00013808
1.0852 0.00079821
1.085 0.00065961
1.0848 0.00027571
1.0846 -0.00039866
1.0844 -0.00041487
1.0842 -0.00018436
1.084 0.00012287
1.0838 0.00058446
1.0836 -0.00013858000000000002
1.0834 -0.00027687
1.0832 0.00070635
1.083 0.00056764
1.0828 -0.00027647
1.0826 -0.00055408
1.0824 1.5380000000000002e-05
1.0822 0.00029217
1.082 0.0
1.0818 0.00041515000000000004
1.0816 0.00029199
1.0814 -9.227000000000001e-05
1.0812 3.073e-05
1.081 0.00013842
1.0808 -0.00012322
1.0806 -0.00107742
1.0804 -0.0008312700000000001
1.0802 0.00027716000000000004
1.08 0.00041480000000000005
1.0798 0.00038408999999999996
1.0796 0.00053855
1.0794 -0.0002615
1.0792 -0.00093767
1.079 -0.00041448
1.0788 -0.00012267999999999998
1.0786 -0.0001381
1.0784 0.00012296
1.0782 -0.00029223
1.078 -0.00047683999999999997
1.0778 -0.00018460000000000001
1.0776 -0.00056893
1.0774 -0.00015384
1.0772 0.0008001999999999999
1.077 0.00053799
1.0768 0.00026092
1.0766 0.0
1.0764 3.075e-05
1.0762 0.00029179
1.076 0.00026113
1.0758 0.00038483999999999995
1.0756 0.0002616
1.0754 0.00026145000000000004
1.0752 -0.00029223
1.075 -0.00055312
1.0748 -0.0002922
1.0746 -1.5399999999999998e-05
1.0744 0.00055317
1.0742 0.00056815
1.074 0.00043031
1.0738 0.00095055
1.0736 0.00091931
1.0734 -1.5360000000000002e-05
1.0732 -1.535e-05
1.073 0.00026095000000000003
1.0728 -0.00016896999999999998
1.0726 -0.00029152000000000003
1.0724 -0.00039855
1.0722 -0.00068994
1.072 -0.00032215
1.0718 -1.535e-05
1.0716 -0.00041507
1.0714 -0.0005688900000000001
1.0712 -0.00058407
1.071 0.00015358
1.0708 0.0007059200000000001
1.0706 0.00026134
1.0704 0.00041499
1.0702 0.00027678
1.07 -1.539e-05
1.0698 0.00012298999999999999
1.0696 0.00053731
1.0694 0.00093601
1.0692 0.00079794
1.069 0.00108855
1.0688 0.00095221
1.0686 0.00039917
1.0684 3.069e-05
1.0682 0.00029165
1.068 0.00064485
1.0678 -0.00047633
1.0676 -0.00046096
1.0674 0.00012293999999999999
1.0672 -0.00043069999999999995
1.067 0.0006918199999999999
1.0668 0.0012742500000000002
1.0666 1.5360000000000002e-05
1.0664 -0.0008145800000000001
1.0662 0.00015365
1.066 0.00079821
1.0658 -0.00089226
1.0656 -0.0013871600000000001
1.0654 -0.00053796
1.0652 -0.00029181
1.065 -0.00013834
1.0648 3.073e-05
1.0646 0.0005381699999999999
1.0644 0.00026157
1.0642 0.0
1.064 0.00081448
1.0638 0.00053812
1.0636 -0.00013828
1.0634 -0.00070548
1.0632 -0.00086018
1.063 -0.00015391
1.0628 0.00013825
1.0626 -0.00027675999999999997
1.0624 -0.00029244
1.0622 -0.00044548
1.062 -0.0008599500000000001
1.0618 -0.00043027999999999995
1.0616 -0.00043
1.0614 -0.00015373
1.0612 0.00013852
1.061 -0.0005688900000000001
1.0608 -0.00101543
1.0606 -0.00087732
1.0604 -0.00015361
1.0602 0.00082954
1.06 0.00055439
1.0598 -1.5399999999999998e-05
1.0596 0.00010779999999999999
1.0594 9.24e-05
1.0592 0.00029215
1.059 0.0007074
1.0588 0.00013857
1.0586 -0.00055375
1.0584 -0.00055424
1.0582 -0.0008307000000000001
1.058 -0.00024594
1.0578 -0.00040046
1.0576 -0.00030778
1.0574 -0.00015372
1.0572 -0.00030741
1.057 -0.00016933
1.0568 -0.00027679
1.0566 0.00015348
1.0564 0.00053726
1.0562 0.00042984
1.056 0.00030648000000000003
1.0558 0.00012264
1.0556 -0.0006146999999999999
1.0554 -0.0006151899999999999
1.0552 -0.00060038
1.055 -0.00056942
1.0548 0.0001538
1.0546 0.00058496
1.0544 0.00055415
1.0542 0.0008452500000000001
1.054 0.0011529399999999999
1.0538 0.00129141
1.0536 0.00024604
1.0534 -0.00063072
1.0532 0.0007216400000000001
1.053 0.00069071
1.0528 -0.00035338000000000004
1.0526 -0.00021495
1.0524 -0.00015337
1.0522 -0.00013832000000000002
1.052 -0.00030744
1.0518 -0.00069106
1.0516 -0.00010744
1.0514 0.00030661
1.0512 -0.00046005
1.051 -0.00059747
1.0508 -0.00012275
1.0506 0.00013832000000000002
1.0504 0.00029168
1.0502 -0.00058302
1.05 -0.00075143
1.0498 -0.00044509
1.0496 0.0
1.0494 0.00041501000000000005
1.0492 0.00041465
1.049 -6.151e-05
1.0488 -0.0003383
1.0486 -0.00015369
1.0484 -0.00075406
1.0482 -0.00104452
1.048 -0.00056736
1.0478 -0.00012297
1.0476 0.0
1.0474 0.00086217
1.0472 0.0008627700000000001
1.047 0.00041542999999999994
1.0468 0.00070687
1.0466 0.00043025
1.0464 0.00033809
1.0462 -0.00030762
1.046 -0.00035422000000000003
1.0458 0.0008622100000000001
1.0456 -1.539e-05
1.0454 -0.00044586
1.0452 0.0007682600000000001
1.045 1.535e-05
1.0448 -0.00076785
1.0446 -0.00033820000000000003
1.0444 0.00012293999999999999
1.0442 0.00056837
1.044 -0.00049205
1.0438 -0.0007673099999999999
1.0436 -0.00059858
1.0434 -0.00133757
1.0432 -0.00104656
1.043 -0.00030754
1.0428 0.0
1.0426 -0.00058423
1.0424 -0.00072277
1.0422 -0.00013824
1.042 0.00047530999999999995
1.0418 0.00016902
1.0416 -0.00015382
1.0414 0.00029197
1.0412 0.00026178
1.041 -0.00044635000000000003
1.0408 -0.00043022
1.0406 0.0
1.0404 -0.00032224
1.0402 0.00027638
1.04 0.00013831
1.0398 -0.00049186
1.0396 0.00012308
1.0394 0.00029264
1.0392 0.0
1.039 0.0
1.0388 0.00044541
1.0386 0.00044513999999999996
1.0384 0.0002915
1.0382 0.00110461
1.038 0.00083008
1.0378 0.00033809
1.0376 0.00092099
1.0374 0.0
1.0372 -0.00105911
1.037 -0.00030696
1.0368 0.00012293
1.0366 -0.00015351999999999998
1.0364 -0.0001381
1.0362 0.00013821
1.036 -0.00050712
1.0358 -0.00066098
1.0356 -0.00035362999999999996
1.0354 -0.00033792999999999996
1.0352 -0.00029242
1.035 -0.00124946
1.0348 -0.00095523
1.0346 0.0006157900000000001
1.0344 0.0012314
1.0342 -0.00021559
1.034 -0.0006769899999999999
1.0338 0.00044633
1.0336 0.00060032
1.0334 0.00089153
1.0332 0.0008913899999999999
1.033 -3.0760000000000004e-05
1.0328 0.00012284
1.0326 0.00045963
1.0324 0.00015293
1.0322 0.00015282000000000002
1.032 -0.00015308999999999999
1.0318 -0.00062944
1.0316 -0.00016888
1.0314 -0.00019946999999999999
1.0312 -0.0007991399999999999
1.031 0.0
1.0308 0.00044571
1.0306 -0.00030766
1.0304 -0.00063066
1.0302 0.00012316
1.03 0.00012321
1.0298 -0.00047766999999999997
1.0296 -0.0004621
1.0294 -0.00029207
1.0292 3.071e-05
1.029 0.00018442
1.0288 -0.000169
1.0286 -0.00021517000000000002
1.0284 0.00043109
1.0282 0.00078369
1.028 0.00047538999999999996
1.0278 0.00046042
1.0276 0.0004603
1.0274 -0.00015330999999999998
1.0272 -0.00027626
1.027 -0.00046094999999999996
1.0268 -0.00061458
1.0266 -0.00046023
1.0264 0.0001685
1.0262 0.00015319
1.026 -0.00045966
1.0258 1.534e-05
1.0256 0.00047545
1.0254 0.00016864
1.0252 0.0006453100000000001
1.025 0.00125858
1.0248 0.00062762
1.0246 0.00050579
1.0244 0.00033747
1.0242 0.0002916
1.024 0.00032256
1.0238 0.00032276
1.0236 0.0012613099999999999
1.0234 0.00064647
1.0232 -0.00066192
1.023 0.00043056999999999997
1.0228 0.0015845
1.0226 0.00079991
1.0224 -0.00049336
1.0222 -0.00033962
1.022 -3.081e-05
1.0218 -0.00020024
1.0216 -3.079e-05
1.0214 0.00113714
1.0212 0.0008305
1.021 -0.00032359
1.0208 -0.00084795
1.0206 -0.0008776599999999999
1.0204 -6.149e-05
1.0202 -0.00019979
1.02 -0.0006292499999999999
1.0198 -0.00062873
1.0196 0.00065916
1.0194 0.00131722
1.0192 0.00082761
1.019 0.00013817
1.0188 -1.534e-05
1.0186 0.00016857
1.0184 0.00015342
1.0182 -4.6049999999999994e-05
1.018 0.00012282
1.0178 0.00030739
1.0176 -0.0011695800000000001
1.0174 -0.0008315
1.0172 -0.00086199
1.017 -0.0013236200000000002
1.0168 -0.0009706099999999999
1.0166 -0.00033863
1.0164 0.00066124
1.0162 0.00080079
1.016 0.00064689
1.0158 -0.00050851
1.0156 -0.0003236
1.0154 0.0
1.0152 0.00013841
1.015 0.00029244
1.0148 0.0
1.0146 4.611e-05
1.0144 -0.0001539
1.0142 0.00015368
1.014 0.00015337
1.0138 0.00021468
1.0136 0.00056695
1.0134 0.00068938
1.0132 0.0010275199999999999
1.013 3.071e-05
1.0128 0.00018429999999999998
1.0126 0.0008439099999999999
1.0124 0.00016891
1.0122 -0.00019979
1.012 -0.0008913300000000001
1.0118 -0.00119917
1.0116 -0.00016910999999999999
1.0114 0.00018460000000000001
1.0112 -0.00053905
1.011 -0.0007537399999999999
1.0108 0.00013821
1.0106 0.0006608300000000001
1.0104 0.0
1.0102 -0.00052289
1.01 -0.00035442000000000004
1.0098 -0.0008929
1.0096 -0.00072234
1.0094 -0.00039947
1.0092 -0.00055305
1.009 -0.00018431
1.0088 -0.00055322
1.0086 -0.00036918
1.0084 0.0009059300000000001
1.0082 0.00055267
1.008 0.00015374
1.0078 0.00084451
1.0076 0.00015359
1.0074 -0.00036895
1.0072 0.00018442
1.007 0.00036852
1.0068 -0.00016899000000000002
1.0066 -0.0013095000000000001
1.0064 -0.00041602
1.0062 0.0005074
1.006 -4.611e-05
1.0058 0.00053898
1.0056 0.00109266
1.0054 0.00053797
1.0052 -0.00036966
1.005 -1.539e-05
1.0048 -0.0012923000000000001
1.0046 -0.00167796
1.0044 0.00016879999999999998
1.0042 0.00108967
1.004 0.00090795
1.0038 -0.00020011
1.0036 -0.00149227
1.0034 -0.00130872
1.0032 -0.00053869
1.003 0.0
1.0028 0.00144502
1.0026 0.00109152
1.0024 -0.00018448
1.0022 0.00016931000000000002
1.002 0.00035367000000000005
1.0018 -0.00021515
1.0016 -0.00059961
1.0014 -0.00021519
1.0012 0.00018419999999999998
1.001 0.0009511699999999999
1.0008 0.00092054
1.0006 -0.00018417
1.0004 0.00018404
1.0002 0.00016851000000000002
1 -0.00061321
